233;0;6,6,6,6,6,-1;0,4,2,1,3,-1
92;0;6,6,6,6,6,-1;0,3,4,1,2,-1
242;0;6,6,6,6,6,-1;3,0,1,2,4,-1
101;0;6,6,6,6,6,-1;1,4,0,2,3,-1
459;0;6,6,6,6,6,-1;0,4,3,2,1,-1
156;0;6,6,6,6,6,-1;3,2,1,4,0,-1
65;0;6,6,6,6,6,-1;0,3,1,2,4,-1
159;0;6,6,6,6,6,-1;1,0,2,3,4,-1
96;0;6,6,6,6,6,-1;1,0,2,4,3,-1
99;0;6,6,6,6,6,-1;4,1,0,3,2,-1
360;0;6,6,6,6,6,-1;0,1,4,2,3,-1
142;0;6,6,6,6,6,-1;0,1,2,3,4,-1
72;0;6,6,6,6,6,-1;3,0,1,2,4,-1
157;0;6,6,6,6,6,-1;0,3,4,2,1,-1
174;0;6,6,6,6,6,-1;3,2,4,1,0,-1
114;0;6,6,6,6,6,-1;1,4,2,0,3,-1
51;0;6,6,6,6,6,-1;0,4,3,1,2,-1
342;0;6,6,6,6,6,-1;4,3,0,1,2,-1
268;0;6,6,6,6,6,-1;2,0,3,1,4,-1
160;0;6,6,6,6,6,-1;1,2,3,0,4,-1
375;0;6,6,6,6,6,-1;3,1,2,0,4,-1
110;0;6,6,6,6,6,-1;0,1,3,2,4,-1
82;0;6,6,6,6,6,-1;1,0,2,4,3,-1
281;0;6,6,6,6,6,-1;2,4,3,0,1,-1
156;0;6,6,6,6,6,-1;1,0,4,3,2,-1
87;0;6,6,6,6,6,-1;2,3,4,0,1,-1
61;0;6,6,6,6,6,-1;0,1,3,4,2,-1
257;0;6,6,6,6,6,-1;3,0,4,1,2,-1
103;0;6,6,6,6,6,-1;3,0,1,4,2,-1
306;0;6,6,6,6,6,-1;3,2,4,0,1,-1
78;0;6,6,6,6,6,-1;0,3,1,2,4,-1
33;0;6,6,6,6,6,-1;0,2,1,3,4,-1
433;0;6,6,6,6,6,-1;1,4,3,2,0,-1
148;0;6,6,6,6,6,-1;0,3,2,1,4,-1
162;0;6,6,6,6,6,-1;3,1,2,0,4,-1
43;0;6,6,6,6,6,-1;1,2,3,4,0,-1
140;0;6,6,6,6,6,-1;1,3,0,2,4,-1
237;0;6,6,6,6,6,-1;1,2,3,0,4,-1
109;0;6,6,6,6,6,-1;3,2,0,4,1,-1
257;0;6,6,6,6,6,-1;3,2,0,4,1,-1
89;0;6,6,6,6,6,-1;3,4,0,1,2,-1
199;0;6,6,6,6,6,-1;0,4,2,3,1,-1
78;0;6,6,6,6,6,-1;4,0,1,2,3,-1
162;0;6,6,6,6,6,-1;3,2,1,0,4,-1
128;0;6,6,6,6,6,-1;2,1,4,3,0,-1
188;0;6,6,6,6,6,-1;2,0,4,3,1,-1
171;0;6,6,6,6,6,-1;2,1,0,3,4,-1
89;0;6,6,6,6,6,-1;0,3,2,1,4,-1
190;0;6,6,6,6,6,-1;0,1,2,3,4,-1
163;0;6,6,6,6,6,-1;3,1,0,4,2,-1
148;0;6,6,6,6,6,-1;0,1,4,2,3,-1
162;0;6,6,6,6,6,-1;2,0,3,4,1,-1
61;0;6,6,6,6,6,-1;2,1,0,3,4,-1
112;0;6,6,6,6,6,-1;1,2,3,0,4,-1
101;0;6,6,6,6,6,-1;2,3,1,0,4,-1
164;0;6,6,6,6,6,-1;4,2,0,3,1,-1
189;0;6,6,6,6,6,-1;3,2,4,1,0,-1
143;0;6,6,6,6,6,-1;4,3,2,0,1,-1
165;0;6,6,6,6,6,-1;0,3,1,2,4,-1
118;0;6,6,6,6,6,-1;2,4,3,1,0,-1
465;0;6,6,6,6,6,-1;1,0,3,4,2,-1
109;0;6,6,6,6,6,-1;4,1,2,0,3,-1
122;0;6,6,6,6,6,-1;2,0,1,4,3,-1
209;0;6,6,6,6,6,-1;2,1,4,0,3,-1
560;0;6,6,6,6,6,-1;0,1,4,3,2,-1
146;0;6,6,6,6,6,-1;2,1,0,3,4,-1
79;0;6,6,6,6,6,-1;1,0,4,3,2,-1
69;0;6,6,6,6,6,-1;2,1,0,4,3,-1
405;0;6,6,6,6,6,-1;4,0,1,3,2,-1
186;0;6,6,6,6,6,-1;1,3,2,4,0,-1
101;0;6,6,6,6,6,-1;2,4,3,0,1,-1
152;0;6,6,6,6,6,-1;0,2,1,4,3,-1
91;0;6,6,6,6,6,-1;4,0,2,3,1,-1
92;0;6,6,6,6,6,-1;0,4,3,2,1,-1
164;0;6,6,6,6,6,-1;3,0,1,4,2,-1
231;0;6,6,6,6,6,-1;3,4,2,1,0,-1
67;0;6,6,6,6,6,-1;2,3,4,0,1,-1
61;0;6,6,6,6,6,-1;4,0,1,2,3,-1
409;0;6,6,6,6,6,-1;2,4,1,3,0,-1
79;0;6,6,6,6,6,-1;3,2,0,1,4,-1
162;0;6,6,6,6,6,-1;4,3,1,2,0,-1
96;0;6,6,6,6,6,-1;0,1,2,3,4,-1
89;0;6,6,6,6,6,-1;1,3,0,2,4,-1
39;0;6,6,6,6,6,-1;1,3,0,4,2,-1
64;0;6,6,6,6,6,-1;3,0,4,2,1,-1
66;0;6,6,6,6,6,-1;1,0,4,3,2,-1
346;0;6,6,6,6,6,-1;2,0,4,1,3,-1
67;0;6,6,6,6,6,-1;2,0,4,3,1,-1
271;0;6,6,6,6,6,-1;4,3,1,0,2,-1
87;0;6,6,6,6,6,-1;1,0,4,3,2,-1
46;0;6,6,6,6,6,-1;3,2,4,0,1,-1
123;0;6,6,6,6,6,-1;1,4,3,2,0,-1
163;0;6,6,6,6,6,-1;4,1,0,2,3,-1
130;0;6,6,6,6,6,-1;3,2,1,0,4,-1
77;0;6,6,6,6,6,-1;3,0,1,2,4,-1
90;0;6,6,6,6,6,-1;0,1,4,3,2,-1
106;0;6,6,6,6,6,-1;1,3,2,0,4,-1
115;0;6,6,6,6,6,-1;1,0,2,4,3,-1
209;0;6,6,6,6,6,-1;1,4,3,0,2,-1
95;0;6,6,6,6,6,-1;4,3,0,2,1,-1
181;0;6,6,6,6,6,-1;0,1,3,2,4,-1
405;0;6,6,6,6,6,-1;1,4,3,0,2,-1
145;0;6,6,6,6,6,-1;3,0,4,2,1,-1
224;0;6,6,6,6,6,-1;4,2,3,0,1,-1
113;0;6,6,6,6,6,-1;3,1,2,0,4,-1
185;0;6,6,6,6,6,-1;4,2,1,3,0,-1
98;0;6,6,6,6,6,-1;1,3,4,2,0,-1
85;0;6,6,6,6,6,-1;0,4,2,1,3,-1
52;0;6,6,6,6,6,-1;0,1,4,2,3,-1
130;0;6,6,6,6,6,-1;4,0,1,3,2,-1
179;0;6,6,6,6,6,-1;2,3,0,1,4,-1
103;0;6,6,6,6,6,-1;0,2,1,4,3,-1
149;0;6,6,6,6,6,-1;1,2,3,0,4,-1
70;0;6,6,6,6,6,-1;2,1,4,3,0,-1
173;0;6,6,6,6,6,-1;3,0,4,2,1,-1
214;0;6,6,6,6,6,-1;3,2,1,0,4,-1
113;0;6,6,6,6,6,-1;0,1,4,3,2,-1
139;0;6,6,6,6,6,-1;2,4,1,3,0,-1
63;0;6,6,6,6,6,-1;4,3,0,2,1,-1
92;0;6,6,6,6,6,-1;0,1,3,4,2,-1
209;0;6,6,6,6,6,-1;3,2,0,4,1,-1
186;0;6,6,6,6,6,-1;1,4,2,3,0,-1
191;0;6,6,6,6,6,-1;1,0,2,4,3,-1
153;0;6,6,6,6,6,-1;3,0,1,4,2,-1
65;0;6,6,6,6,6,-1;2,4,1,3,0,-1
110;0;6,6,6,6,6,-1;3,4,1,0,2,-1
96;0;6,6,6,6,6,-1;4,2,1,3,0,-1
313;0;6,6,6,6,6,-1;2,4,1,0,3,-1
60;0;6,6,6,6,6,-1;0,1,3,4,2,-1
49;0;6,6,6,6,6,-1;3,4,2,0,1,-1
224;0;6,6,6,6,6,-1;2,0,3,1,4,-1
296;0;6,6,6,6,6,-1;4,0,1,3,2,-1
51;0;6,6,6,6,6,-1;4,3,1,2,0,-1
89;0;6,6,6,6,6,-1;0,3,1,2,4,-1
62;0;6,6,6,6,6,-1;3,2,0,1,4,-1
90;0;6,6,6,6,6,-1;4,2,0,3,1,-1
73;0;6,6,6,6,6,-1;4,1,0,3,2,-1
235;0;6,6,6,6,6,-1;2,0,4,3,1,-1
209;0;6,6,6,6,6,-1;2,4,3,0,1,-1
195;0;6,6,6,6,6,-1;1,4,0,3,2,-1
132;0;6,6,6,6,6,-1;3,2,0,4,1,-1
176;0;6,6,6,6,6,-1;0,2,1,3,4,-1
200;0;6,6,6,6,6,-1;0,2,1,3,4,-1
66;0;6,6,6,6,6,-1;2,4,3,1,0,-1
130;0;6,6,6,6,6,-1;0,1,4,3,2,-1
148;0;6,6,6,6,6,-1;2,1,0,3,4,-1
121;0;6,6,6,6,6,-1;1,0,4,2,3,-1
86;0;6,6,6,6,6,-1;4,3,0,2,1,-1
59;0;6,6,6,6,6,-1;4,2,0,1,3,-1
302;0;6,6,6,6,6,-1;0,4,1,2,3,-1
95;0;6,6,6,6,6,-1;3,0,4,1,2,-1
111;0;6,6,6,6,6,-1;1,0,2,3,4,-1
143;0;6,6,6,6,6,-1;3,4,2,1,0,-1
169;0;6,6,6,6,6,-1;3,4,2,0,1,-1
100;0;6,6,6,6,6,-1;4,1,3,2,0,-1
109;0;6,6,6,6,6,-1;2,1,3,4,0,-1
249;0;6,6,6,6,6,-1;0,4,1,3,2,-1
296;0;6,6,6,6,6,-1;0,3,4,2,1,-1
45;0;6,6,6,6,6,-1;3,0,4,2,1,-1
131;0;6,6,6,6,6,-1;3,1,2,0,4,-1
60;0;6,6,6,6,6,-1;3,1,0,4,2,-1
141;0;6,6,6,6,6,-1;3,0,1,4,2,-1
158;0;6,6,6,6,6,-1;0,1,4,3,2,-1
57;0;6,6,6,6,6,-1;1,0,3,4,2,-1
179;0;6,6,6,6,6,-1;3,1,2,0,4,-1
156;0;6,6,6,6,6,-1;0,4,2,3,1,-1
119;0;6,6,6,6,6,-1;2,3,4,1,0,-1
138;0;6,6,6,6,6,-1;0,2,4,3,1,-1
375;0;6,6,6,6,6,-1;4,3,1,2,0,-1
102;0;6,6,6,6,6,-1;2,3,1,4,0,-1
63;0;6,6,6,6,6,-1;1,3,2,4,0,-1
183;0;6,6,6,6,6,-1;3,4,1,2,0,-1
164;0;6,6,6,6,6,-1;3,1,4,0,2,-1
236;0;6,6,6,6,6,-1;2,3,4,0,1,-1
164;0;6,6,6,6,6,-1;2,1,0,4,3,-1
87;0;6,6,6,6,6,-1;1,0,3,2,4,-1
197;0;6,6,6,6,6,-1;3,1,2,0,4,-1
361;0;6,6,6,6,6,-1;4,3,1,0,2,-1
255;0;6,6,6,6,6,-1;1,4,3,2,0,-1
197;0;6,6,6,6,6,-1;3,1,2,0,4,-1
174;0;6,6,6,6,6,-1;1,4,3,0,2,-1
81;0;6,6,6,6,6,-1;3,1,4,0,2,-1
100;0;6,6,6,6,6,-1;2,3,0,1,4,-1
37;0;6,6,6,6,6,-1;3,0,2,1,4,-1
115;0;6,6,6,6,6,-1;1,3,2,4,0,-1
477;0;6,6,6,6,6,-1;0,4,3,1,2,-1
355;0;6,6,6,6,6,-1;4,1,2,0,3,-1
365;0;6,6,6,6,6,-1;0,4,3,2,1,-1
187;0;6,6,6,6,6,-1;3,0,4,1,2,-1
141;0;6,6,6,6,6,-1;3,2,1,0,4,-1
205;0;6,6,6,6,6,-1;4,2,3,0,1,-1
159;0;6,6,6,6,6,-1;2,1,3,0,4,-1
46;0;6,6,6,6,6,-1;0,4,1,2,3,-1
100;0;6,6,6,6,6,-1;4,2,3,1,0,-1
172;0;6,6,6,6,6,-1;0,3,1,4,2,-1
102;0;6,6,6,6,6,-1;0,4,1,3,2,-1
144;0;6,6,6,6,6,-1;0,2,4,3,1,-1
123;0;6,6,6,6,6,-1;4,3,2,0,1,-1
112;0;6,6,6,6,6,-1;0,4,2,3,1,-1
374;0;6,6,6,6,6,-1;3,0,4,1,2,-1
159;0;6,6,6,6,6,-1;0,4,2,1,3,-1
340;0;6,6,6,6,6,-1;0,2,3,4,1,-1
188;0;6,6,6,6,6,-1;3,0,4,1,2,-1
63;0;6,6,6,6,6,-1;3,2,4,1,0,-1
113;0;6,6,6,6,6,-1;0,4,2,1,3,-1
48;0;6,6,6,6,6,-1;1,3,4,2,0,-1
61;0;6,6,6,6,6,-1;0,4,2,1,3,-1
110;0;6,6,6,6,6,-1;3,1,4,2,0,-1
134;0;6,6,6,6,6,-1;3,2,0,4,1,-1
109;0;6,6,6,6,6,-1;2,3,0,4,1,-1
85;0;6,6,6,6,6,-1;1,0,3,4,2,-1
189;0;6,6,6,6,6,-1;4,2,3,1,0,-1
84;0;6,6,6,6,6,-1;4,1,2,0,3,-1
77;0;6,6,6,6,6,-1;4,3,1,2,0,-1
55;0;6,6,6,6,6,-1;1,4,2,0,3,-1
197;0;6,6,6,6,6,-1;1,0,4,3,2,-1
147;0;6,6,6,6,6,-1;3,1,4,0,2,-1
42;0;6,6,6,6,6,-1;0,3,4,2,1,-1
76;0;6,6,6,6,6,-1;1,4,2,0,3,-1
105;0;6,6,6,6,6,-1;3,2,0,4,1,-1
63;0;6,6,6,6,6,-1;0,4,2,3,1,-1
180;0;6,6,6,6,6,-1;4,1,2,3,0,-1
171;0;6,6,6,6,6,-1;4,3,1,2,0,-1
102;0;6,6,6,6,6,-1;0,2,3,4,1,-1
313;0;6,6,6,6,6,-1;3,1,2,0,4,-1
482;0;6,6,6,6,6,-1;0,3,4,2,1,-1
128;0;6,6,6,6,6,-1;1,0,3,2,4,-1
110;0;6,6,6,6,6,-1;1,3,4,0,2,-1
106;0;6,6,6,6,6,-1;0,4,3,2,1,-1
224;0;6,6,6,6,6,-1;3,1,2,4,0,-1
128;0;6,6,6,6,6,-1;3,4,1,0,2,-1
45;0;6,6,6,6,6,-1;1,2,3,0,4,-1
151;0;6,6,6,6,6,-1;3,4,1,0,2,-1
153;0;6,6,6,6,6,-1;3,2,0,1,4,-1
108;0;6,6,6,6,6,-1;2,0,1,3,4,-1
80;0;6,6,6,6,6,-1;1,3,2,4,0,-1
166;0;6,6,6,6,6,-1;2,3,1,4,0,-1
81;0;6,6,6,6,6,-1;0,4,1,3,2,-1
169;0;6,6,6,6,6,-1;0,4,1,2,3,-1
80;0;6,6,6,6,6,-1;3,2,4,1,0,-1
39;0;6,6,6,6,6,-1;3,0,1,4,2,-1
763;0;6,6,6,6,6,-1;4,2,3,0,1,-1
140;0;6,6,6,6,6,-1;2,1,4,3,0,-1
111;0;6,6,6,6,6,-1;1,3,2,0,4,-1
292;0;6,6,6,6,6,-1;1,2,0,4,3,-1
77;0;6,6,6,6,6,-1;2,1,4,3,0,-1
260;0;6,6,6,6,6,-1;4,2,0,3,1,-1
113;0;6,6,6,6,6,-1;2,4,1,0,3,-1
115;0;6,6,6,6,6,-1;0,4,1,2,3,-1
268;0;6,6,6,6,6,-1;4,2,0,3,1,-1
211;0;6,6,6,6,6,-1;2,4,3,0,1,-1
240;0;6,6,6,6,6,-1;0,3,2,4,1,-1
126;0;6,6,6,6,6,-1;4,1,2,0,3,-1
239;0;6,6,6,6,6,-1;2,4,3,0,1,-1
184;0;6,6,6,6,6,-1;2,1,3,4,0,-1
98;0;6,6,6,6,6,-1;1,3,2,4,0,-1
87;0;6,6,6,6,6,-1;2,4,3,0,1,-1
170;0;6,6,6,6,6,-1;4,1,2,3,0,-1
86;0;6,6,6,6,6,-1;3,0,1,4,2,-1
335;0;6,6,6,6,6,-1;1,2,3,4,0,-1
89;0;6,6,6,6,6,-1;4,2,0,3,1,-1
40;0;6,6,6,6,6,-1;1,4,2,3,0,-1
98;0;6,6,6,6,6,-1;2,1,3,0,4,-1
105;0;6,6,6,6,6,-1;4,1,0,2,3,-1
89;0;6,6,6,6,6,-1;1,3,2,0,4,-1
90;0;6,6,6,6,6,-1;4,3,1,2,0,-1
283;0;6,6,6,6,6,-1;1,4,3,2,0,-1
135;0;6,6,6,6,6,-1;0,1,3,2,4,-1
71;0;6,6,6,6,6,-1;2,1,4,0,3,-1
320;0;6,6,6,6,6,-1;2,3,4,0,1,-1
232;0;6,6,6,6,6,-1;0,3,4,2,1,-1
78;0;6,6,6,6,6,-1;3,4,2,1,0,-1
136;0;6,6,6,6,6,-1;3,0,4,2,1,-1
140;0;6,6,6,6,6,-1;2,3,4,1,0,-1
90;0;6,6,6,6,6,-1;2,4,1,3,0,-1
303;0;6,6,6,6,6,-1;3,0,4,1,2,-1
71;0;6,6,6,6,6,-1;4,3,2,1,0,-1
210;0;6,6,6,6,6,-1;1,0,4,2,3,-1
95;0;6,6,6,6,6,-1;0,2,3,1,4,-1
97;0;6,6,6,6,6,-1;1,0,3,2,4,-1
143;0;6,6,6,6,6,-1;1,2,4,3,0,-1
361;0;6,6,6,6,6,-1;1,0,2,4,3,-1
275;0;6,6,6,6,6,-1;2,0,3,4,1,-1
55;0;6,6,6,6,6,-1;3,4,2,0,1,-1
136;0;6,6,6,6,6,-1;3,4,0,2,1,-1
218;0;6,6,6,6,6,-1;4,1,2,0,3,-1
186;0;6,6,6,6,6,-1;0,1,3,2,4,-1
110;0;6,6,6,6,6,-1;0,3,1,2,4,-1
179;0;6,6,6,6,6,-1;4,2,0,3,1,-1
77;0;6,6,6,6,6,-1;1,2,4,3,0,-1
211;0;6,6,6,6,6,-1;4,2,3,1,0,-1
110;0;6,6,6,6,6,-1;0,4,1,3,2,-1
72;0;6,6,6,6,6,-1;1,3,4,0,2,-1
68;0;6,6,6,6,6,-1;4,2,1,3,0,-1
256;0;6,6,6,6,6,-1;2,1,3,0,4,-1
85;0;6,6,6,6,6,-1;2,0,4,3,1,-1
107;0;6,6,6,6,6,-1;4,3,0,2,1,-1
114;0;6,6,6,6,6,-1;2,4,3,0,1,-1
68;0;6,6,6,6,6,-1;3,4,2,0,1,-1
185;0;6,6,6,6,6,-1;2,0,4,3,1,-1
92;0;6,6,6,6,6,-1;2,3,1,0,4,-1
523;0;6,6,6,6,6,-1;1,0,3,4,2,-1
105;0;6,6,6,6,6,-1;4,1,2,3,0,-1
248;0;6,6,6,6,6,-1;3,4,2,0,1,-1
93;0;6,6,6,6,6,-1;4,2,1,0,3,-1
333;0;6,6,6,6,6,-1;3,4,0,2,1,-1
131;0;6,6,6,6,6,-1;3,1,4,0,2,-1
314;0;6,6,6,6,6,-1;1,2,3,0,4,-1
165;0;6,6,6,6,6,-1;3,2,0,4,1,-1
306;0;6,6,6,6,6,-1;1,0,3,4,2,-1
225;0;6,6,6,6,6,-1;1,2,4,3,0,-1
93;0;6,6,6,6,6,-1;3,2,0,4,1,-1
145;0;6,6,6,6,6,-1;1,2,3,4,0,-1
57;0;6,6,6,6,6,-1;0,4,2,3,1,-1
230;0;6,6,6,6,6,-1;3,1,0,4,2,-1
129;0;6,6,6,6,6,-1;3,1,0,4,2,-1
232;0;6,6,6,6,6,-1;1,0,3,4,2,-1
180;0;6,6,6,6,6,-1;0,2,4,3,1,-1
103;0;6,6,6,6,6,-1;2,4,0,1,3,-1
83;0;6,6,6,6,6,-1;1,3,0,4,2,-1
120;0;6,6,6,6,6,-1;0,4,3,1,2,-1
112;0;6,6,6,6,6,-1;2,4,0,3,1,-1
184;0;6,6,6,6,6,-1;4,3,2,1,0,-1
103;0;6,6,6,6,6,-1;4,0,2,3,1,-1
80;0;6,6,6,6,6,-1;1,3,4,0,2,-1
95;0;6,6,6,6,6,-1;2,3,0,4,1,-1
73;0;6,6,6,6,6,-1;1,4,0,2,3,-1
72;0;6,6,6,6,6,-1;1,2,0,3,4,-1
214;0;6,6,6,6,6,-1;0,1,3,4,2,-1
227;0;6,6,6,6,6,-1;4,0,1,2,3,-1
49;0;6,6,6,6,6,-1;0,2,4,1,3,-1
203;0;6,6,6,6,6,-1;1,0,2,3,4,-1
183;0;6,6,6,6,6,-1;3,2,4,1,0,-1
151;0;6,6,6,6,6,-1;0,3,4,2,1,-1
93;0;6,6,6,6,6,-1;1,2,0,3,4,-1
102;0;6,6,6,6,6,-1;4,0,3,2,1,-1
109;0;6,6,6,6,6,-1;1,0,3,2,4,-1
100;0;6,6,6,6,6,-1;2,4,0,1,3,-1
87;0;6,6,6,6,6,-1;4,2,1,3,0,-1
72;0;6,6,6,6,6,-1;4,1,2,3,0,-1
104;0;6,6,6,6,6,-1;3,4,0,1,2,-1
257;0;6,6,6,6,6,-1;2,0,4,1,3,-1
156;0;6,6,6,6,6,-1;3,1,4,2,0,-1
105;0;6,6,6,6,6,-1;4,3,2,1,0,-1
143;0;6,6,6,6,6,-1;3,0,1,4,2,-1
552;0;6,6,6,6,6,-1;0,4,2,3,1,-1
35;0;6,6,6,6,6,-1;1,2,0,4,3,-1
186;0;6,6,6,6,6,-1;4,3,1,0,2,-1
79;0;6,6,6,6,6,-1;1,0,3,2,4,-1
355;0;6,6,6,6,6,-1;2,3,1,4,0,-1
206;0;6,6,6,6,6,-1;0,2,3,1,4,-1
125;0;6,6,6,6,6,-1;2,0,1,4,3,-1
80;0;6,6,6,6,6,-1;0,4,1,2,3,-1
177;0;6,6,6,6,6,-1;3,0,4,2,1,-1
152;0;6,6,6,6,6,-1;3,2,4,1,0,-1
330;0;6,6,6,6,6,-1;1,3,2,4,0,-1
248;0;6,6,6,6,6,-1;0,3,4,2,1,-1
275;0;6,6,6,6,6,-1;1,3,4,2,0,-1
86;0;6,6,6,6,6,-1;4,1,3,0,2,-1
346;0;6,6,6,6,6,-1;2,0,4,3,1,-1
104;0;6,6,6,6,6,-1;0,3,1,4,2,-1
113;0;6,6,6,6,6,-1;0,4,2,3,1,-1
144;0;6,6,6,6,6,-1;2,1,3,4,0,-1
161;0;6,6,6,6,6,-1;0,2,4,1,3,-1
85;0;6,6,6,6,6,-1;1,2,0,4,3,-1
280;0;6,6,6,6,6,-1;1,3,4,0,2,-1
48;0;6,6,6,6,6,-1;1,3,2,0,4,-1
76;0;6,6,6,6,6,-1;3,2,0,1,4,-1
213;0;6,6,6,6,6,-1;3,2,1,0,4,-1
388;0;6,6,6,6,6,-1;2,0,1,3,4,-1
177;0;6,6,6,6,6,-1;2,3,0,1,4,-1
80;0;6,6,6,6,6,-1;3,4,2,0,1,-1
159;0;6,6,6,6,6,-1;1,3,2,4,0,-1
349;0;6,6,6,6,6,-1;1,2,3,0,4,-1
89;0;6,6,6,6,6,-1;1,2,0,3,4,-1
128;0;6,6,6,6,6,-1;1,2,3,4,0,-1
75;0;6,6,6,6,6,-1;1,0,3,4,2,-1
370;0;6,6,6,6,6,-1;1,2,3,0,4,-1
122;0;6,6,6,6,6,-1;3,4,1,0,2,-1
155;0;6,6,6,6,6,-1;1,2,3,0,4,-1
72;0;6,6,6,6,6,-1;0,2,3,4,1,-1
66;0;6,6,6,6,6,-1;2,0,1,4,3,-1
130;0;6,6,6,6,6,-1;3,4,1,2,0,-1
210;0;6,6,6,6,6,-1;4,3,2,0,1,-1
53;0;6,6,6,6,6,-1;1,4,3,0,2,-1
135;0;6,6,6,6,6,-1;2,3,0,1,4,-1
266;0;6,6,6,6,6,-1;3,2,1,0,4,-1
136;0;6,6,6,6,6,-1;2,4,1,3,0,-1
285;0;6,6,6,6,6,-1;0,1,4,3,2,-1
210;0;6,6,6,6,6,-1;0,1,2,3,4,-1
105;0;6,6,6,6,6,-1;0,1,2,4,3,-1
106;0;6,6,6,6,6,-1;2,1,0,4,3,-1
64;0;6,6,6,6,6,-1;1,2,3,4,0,-1
150;0;6,6,6,6,6,-1;3,1,2,0,4,-1
206;0;6,6,6,6,6,-1;4,2,0,3,1,-1
340;0;6,6,6,6,6,-1;4,3,2,0,1,-1
376;0;6,6,6,6,6,-1;0,1,2,3,4,-1
182;0;6,6,6,6,6,-1;1,3,4,2,0,-1
744;0;6,6,6,6,6,-1;4,1,3,0,2,-1
224;0;6,6,6,6,6,-1;2,3,0,4,1,-1
80;0;6,6,6,6,6,-1;1,0,2,4,3,-1
299;0;6,6,6,6,6,-1;0,1,2,4,3,-1
106;0;6,6,6,6,6,-1;1,3,2,4,0,-1
71;0;6,6,6,6,6,-1;2,4,1,0,3,-1
71;0;6,6,6,6,6,-1;1,0,3,2,4,-1
169;0;6,6,6,6,6,-1;1,2,4,0,3,-1
158;0;6,6,6,6,6,-1;1,3,4,2,0,-1
83;0;6,6,6,6,6,-1;1,4,0,2,3,-1
164;0;6,6,6,6,6,-1;0,2,3,1,4,-1
94;0;6,6,6,6,6,-1;4,3,2,1,0,-1
115;0;6,6,6,6,6,-1;2,3,4,0,1,-1
124;0;6,6,6,6,6,-1;3,0,2,4,1,-1
140;0;6,6,6,6,6,-1;3,0,4,1,2,-1
162;0;6,6,6,6,6,-1;2,0,1,3,4,-1
335;0;6,6,6,6,6,-1;3,2,1,0,4,-1
168;0;6,6,6,6,6,-1;1,3,2,0,4,-1
70;0;6,6,6,6,6,-1;3,0,1,4,2,-1
62;0;6,6,6,6,6,-1;3,2,4,1,0,-1
315;0;6,6,6,6,6,-1;3,2,0,4,1,-1
84;0;6,6,6,6,6,-1;4,0,2,1,3,-1
35;0;6,6,6,6,6,-1;1,2,4,3,0,-1
142;0;6,6,6,6,6,-1;2,4,0,1,3,-1
84;0;6,6,6,6,6,-1;4,3,1,2,0,-1
238;0;6,6,6,6,6,-1;1,3,2,4,0,-1
199;0;6,6,6,6,6,-1;4,0,1,3,2,-1
118;0;6,6,6,6,6,-1;1,4,3,2,0,-1
64;0;6,6,6,6,6,-1;4,3,2,1,0,-1
92;0;6,6,6,6,6,-1;3,2,1,0,4,-1
173;0;6,6,6,6,6,-1;2,4,3,1,0,-1
67;0;6,6,6,6,6,-1;0,1,4,3,2,-1
372;0;6,6,6,6,6,-1;1,2,4,0,3,-1
157;0;6,6,6,6,6,-1;1,4,2,0,3,-1
220;0;6,6,6,6,6,-1;0,4,1,3,2,-1
93;0;6,6,6,6,6,-1;2,0,3,4,1,-1
130;0;6,6,6,6,6,-1;2,3,4,0,1,-1
123;0;6,6,6,6,6,-1;3,4,1,0,2,-1
92;0;6,6,6,6,6,-1;1,4,0,3,2,-1
261;0;6,6,6,6,6,-1;1,4,2,3,0,-1
186;0;6,6,6,6,6,-1;4,2,1,3,0,-1
150;0;6,6,6,6,6,-1;4,2,3,0,1,-1
691;0;6,6,6,6,6,-1;1,0,4,3,2,-1
239;0;6,6,6,6,6,-1;2,3,0,1,4,-1
112;0;6,6,6,6,6,-1;3,1,2,4,0,-1
85;0;6,6,6,6,6,-1;3,0,4,2,1,-1
77;0;6,6,6,6,6,-1;1,0,3,4,2,-1
180;0;6,6,6,6,6,-1;2,1,0,4,3,-1
338;0;6,6,6,6,6,-1;3,0,1,2,4,-1
424;0;6,6,6,6,6,-1;1,0,2,4,3,-1
230;0;6,6,6,6,6,-1;2,3,1,4,0,-1
185;0;6,6,6,6,6,-1;2,1,3,0,4,-1
245;0;6,6,6,6,6,-1;1,0,3,4,2,-1
267;0;6,6,6,6,6,-1;1,3,4,2,0,-1
96;0;6,6,6,6,6,-1;2,0,4,3,1,-1
191;0;6,6,6,6,6,-1;2,3,1,0,4,-1
74;0;6,6,6,6,6,-1;0,4,1,3,2,-1
515;0;6,6,6,6,6,-1;4,0,2,1,3,-1
64;0;6,6,6,6,6,-1;0,1,2,4,3,-1
246;0;6,6,6,6,6,-1;1,2,0,4,3,-1
278;0;6,6,6,6,6,-1;2,3,1,4,0,-1
122;0;6,6,6,6,6,-1;2,4,1,3,0,-1
116;0;6,6,6,6,6,-1;4,1,2,0,3,-1
86;0;6,6,6,6,6,-1;3,2,1,0,4,-1
335;0;6,6,6,6,6,-1;4,0,3,2,1,-1
194;0;6,6,6,6,6,-1;1,4,2,3,0,-1
208;0;6,6,6,6,6,-1;2,3,1,4,0,-1
221;0;6,6,6,6,6,-1;0,1,2,3,4,-1
134;0;6,6,6,6,6,-1;3,1,2,0,4,-1
49;0;6,6,6,6,6,-1;0,1,2,4,3,-1
232;0;6,6,6,6,6,-1;0,1,4,3,2,-1
243;0;6,6,6,6,6,-1;2,4,1,3,0,-1
100;0;6,6,6,6,6,-1;2,4,0,3,1,-1
172;0;6,6,6,6,6,-1;1,4,3,0,2,-1
154;0;6,6,6,6,6,-1;1,3,4,0,2,-1
116;0;6,6,6,6,6,-1;0,4,1,3,2,-1
412;0;6,6,6,6,6,-1;4,3,0,2,1,-1
100;0;6,6,6,6,6,-1;1,0,4,2,3,-1
200;0;6,6,6,6,6,-1;3,2,0,1,4,-1
311;0;6,6,6,6,6,-1;1,4,3,0,2,-1
461;0;6,6,6,6,6,-1;1,0,4,3,2,-1
166;0;6,6,6,6,6,-1;2,1,3,4,0,-1
133;0;6,6,6,6,6,-1;0,2,1,3,4,-1
192;0;6,6,6,6,6,-1;0,4,3,2,1,-1
60;0;6,6,6,6,6,-1;0,4,3,1,2,-1
98;0;6,6,6,6,6,-1;2,3,4,0,1,-1
125;0;6,6,6,6,6,-1;2,4,0,1,3,-1
294;0;6,6,6,6,6,-1;1,3,4,2,0,-1
73;0;6,6,6,6,6,-1;4,3,2,1,0,-1
101;0;6,6,6,6,6,-1;2,4,0,3,1,-1
170;0;6,6,6,6,6,-1;4,1,2,0,3,-1
46;0;6,6,6,6,6,-1;1,4,0,3,2,-1
301;0;6,6,6,6,6,-1;0,3,4,2,1,-1
93;0;6,6,6,6,6,-1;1,3,2,4,0,-1
136;0;6,6,6,6,6,-1;2,1,0,3,4,-1
88;0;6,6,6,6,6,-1;2,0,1,3,4,-1
199;0;6,6,6,6,6,-1;2,0,1,4,3,-1
165;0;6,6,6,6,6,-1;0,2,4,1,3,-1
190;0;6,6,6,6,6,-1;0,1,2,4,3,-1
109;0;6,6,6,6,6,-1;0,1,3,2,4,-1
114;0;6,6,6,6,6,-1;1,4,3,0,2,-1
100;0;6,6,6,6,6,-1;3,2,0,4,1,-1
180;0;6,6,6,6,6,-1;0,4,1,2,3,-1
208;0;6,6,6,6,6,-1;0,4,2,1,3,-1
70;0;6,6,6,6,6,-1;3,4,0,1,2,-1
132;0;6,6,6,6,6,-1;2,3,1,0,4,-1
150;0;6,6,6,6,6,-1;1,4,0,2,3,-1
109;0;6,6,6,6,6,-1;3,0,1,2,4,-1
76;0;6,6,6,6,6,-1;4,3,1,0,2,-1
88;0;6,6,6,6,6,-1;3,0,2,4,1,-1
85;0;6,6,6,6,6,-1;0,4,3,1,2,-1
489;0;6,6,6,6,6,-1;4,2,1,0,3,-1
374;0;6,6,6,6,6,-1;4,1,2,0,3,-1
129;0;6,6,6,6,6,-1;1,2,4,0,3,-1
593;0;6,6,6,6,6,-1;1,4,3,0,2,-1
146;0;6,6,6,6,6,-1;0,4,3,1,2,-1
75;0;6,6,6,6,6,-1;2,0,1,4,3,-1
236;0;6,6,6,6,6,-1;1,0,2,3,4,-1
109;0;6,6,6,6,6,-1;1,4,0,3,2,-1
247;0;6,6,6,6,6,-1;0,4,3,2,1,-1
158;0;6,6,6,6,6,-1;3,1,0,2,4,-1
231;0;6,6,6,6,6,-1;3,1,2,4,0,-1
103;0;6,6,6,6,6,-1;2,1,0,3,4,-1
172;0;6,6,6,6,6,-1;4,0,1,2,3,-1
69;0;6,6,6,6,6,-1;4,1,3,2,0,-1
172;0;6,6,6,6,6,-1;1,3,0,4,2,-1
440;0;6,6,6,6,6,-1;3,0,4,2,1,-1
154;0;6,6,6,6,6,-1;1,0,3,4,2,-1
137;0;6,6,6,6,6,-1;4,3,1,2,0,-1
187;0;6,6,6,6,6,-1;0,2,1,4,3,-1
166;0;6,6,6,6,6,-1;3,4,0,1,2,-1
359;0;6,6,6,6,6,-1;4,3,1,0,2,-1
134;0;6,6,6,6,6,-1;4,1,3,2,0,-1
108;0;6,6,6,6,6,-1;4,1,2,0,3,-1
234;0;6,6,6,6,6,-1;1,2,4,3,0,-1
68;0;6,6,6,6,6,-1;0,1,4,2,3,-1
59;0;6,6,6,6,6,-1;4,3,2,1,0,-1
124;0;6,6,6,6,6,-1;1,2,0,4,3,-1
198;0;6,6,6,6,6,-1;1,4,2,3,0,-1
117;0;6,6,6,6,6,-1;0,3,1,2,4,-1
265;0;6,6,6,6,6,-1;2,3,4,1,0,-1
101;0;6,6,6,6,6,-1;1,0,3,4,2,-1
175;0;6,6,6,6,6,-1;4,3,1,0,2,-1
105;0;6,6,6,6,6,-1;1,2,4,3,0,-1
156;0;6,6,6,6,6,-1;0,2,3,1,4,-1
90;0;6,6,6,6,6,-1;0,1,4,3,2,-1
128;0;6,6,6,6,6,-1;1,4,3,2,0,-1
51;0;6,6,6,6,6,-1;2,0,3,1,4,-1
321;0;6,6,6,6,6,-1;3,4,0,2,1,-1
213;0;6,6,6,6,6,-1;4,2,0,3,1,-1
141;0;6,6,6,6,6,-1;2,4,3,1,0,-1
154;0;6,6,6,6,6,-1;0,2,1,3,4,-1
216;0;6,6,6,6,6,-1;4,2,0,3,1,-1
140;0;6,6,6,6,6,-1;1,2,3,4,0,-1
167;0;6,6,6,6,6,-1;2,0,1,4,3,-1
140;0;6,6,6,6,6,-1;0,3,4,1,2,-1
121;0;6,6,6,6,6,-1;3,2,1,4,0,-1
76;0;6,6,6,6,6,-1;3,2,1,0,4,-1
410;0;6,6,6,6,6,-1;4,3,1,0,2,-1
147;0;6,6,6,6,6,-1;1,2,0,3,4,-1
131;0;6,6,6,6,6,-1;0,4,3,2,1,-1
294;0;6,6,6,6,6,-1;2,0,3,4,1,-1
124;0;6,6,6,6,6,-1;3,2,0,1,4,-1
125;0;6,6,6,6,6,-1;2,3,4,0,1,-1
107;0;6,6,6,6,6,-1;4,3,1,0,2,-1
389;0;6,6,6,6,6,-1;1,4,3,2,0,-1
94;0;6,6,6,6,6,-1;1,3,4,2,0,-1
169;0;6,6,6,6,6,-1;1,2,0,3,4,-1
232;0;6,6,6,6,6,-1;4,3,0,2,1,-1
387;0;6,6,6,6,6,-1;4,3,2,1,0,-1
244;0;6,6,6,6,6,-1;4,1,3,0,2,-1
347;0;6,6,6,6,6,-1;4,0,3,2,1,-1
130;0;6,6,6,6,6,-1;3,2,4,1,0,-1
362;0;6,6,6,6,6,-1;0,1,3,4,2,-1
116;0;6,6,6,6,6,-1;0,4,3,1,2,-1
90;0;6,6,6,6,6,-1;1,3,2,0,4,-1
102;0;6,6,6,6,6,-1;0,3,1,2,4,-1
102;0;6,6,6,6,6,-1;0,2,3,4,1,-1
234;0;6,6,6,6,6,-1;3,0,4,2,1,-1
104;0;6,6,6,6,6,-1;0,4,2,1,3,-1
106;0;6,6,6,6,6,-1;0,1,2,4,3,-1
73;0;6,6,6,6,6,-1;2,0,3,4,1,-1
60;0;6,6,6,6,6,-1;4,2,0,1,3,-1
122;0;6,6,6,6,6,-1;1,0,2,4,3,-1
184;0;6,6,6,6,6,-1;4,0,1,2,3,-1
150;0;6,6,6,6,6,-1;2,4,1,3,0,-1
244;0;6,6,6,6,6,-1;0,1,4,2,3,-1
74;0;6,6,6,6,6,-1;0,1,2,3,4,-1
73;0;6,6,6,6,6,-1;4,2,0,1,3,-1
95;0;6,6,6,6,6,-1;2,3,0,4,1,-1
70;0;6,6,6,6,6,-1;3,2,1,4,0,-1
140;0;6,6,6,6,6,-1;3,4,1,2,0,-1
216;0;6,6,6,6,6,-1;1,4,3,0,2,-1
62;0;6,6,6,6,6,-1;3,2,0,4,1,-1
70;0;6,6,6,6,6,-1;4,3,1,0,2,-1
270;0;6,6,6,6,6,-1;4,2,1,0,3,-1
192;0;6,6,6,6,6,-1;2,0,4,1,3,-1
121;0;6,6,6,6,6,-1;3,1,2,4,0,-1
219;0;6,6,6,6,6,-1;1,3,4,0,2,-1
269;0;6,6,6,6,6,-1;4,3,1,2,0,-1
82;0;6,6,6,6,6,-1;0,4,1,2,3,-1
126;0;6,6,6,6,6,-1;1,3,2,4,0,-1
204;0;6,6,6,6,6,-1;4,0,2,3,1,-1
331;0;6,6,6,6,6,-1;3,4,1,2,0,-1
190;0;6,6,6,6,6,-1;1,3,4,2,0,-1
117;0;6,6,6,6,6,-1;1,2,0,4,3,-1
130;0;6,6,6,6,6,-1;1,3,4,2,0,-1
97;0;6,6,6,6,6,-1;0,1,2,4,3,-1
157;0;6,6,6,6,6,-1;1,4,3,2,0,-1
92;0;6,6,6,6,6,-1;1,3,0,4,2,-1
106;0;6,6,6,6,6,-1;3,1,4,2,0,-1
83;0;6,6,6,6,6,-1;4,1,3,2,0,-1
152;0;6,6,6,6,6,-1;2,4,3,0,1,-1
265;0;6,6,6,6,6,-1;4,1,2,0,3,-1
201;0;6,6,6,6,6,-1;4,2,3,0,1,-1
111;0;6,6,6,6,6,-1;3,2,0,4,1,-1
76;0;6,6,6,6,6,-1;4,2,3,1,0,-1
115;0;6,6,6,6,6,-1;3,1,4,0,2,-1
121;0;6,6,6,6,6,-1;3,0,4,2,1,-1
152;0;6,6,6,6,6,-1;1,2,0,4,3,-1
43;0;6,6,6,6,6,-1;0,1,3,4,2,-1
245;0;6,6,6,6,6,-1;4,2,3,1,0,-1
140;0;6,6,6,6,6,-1;4,3,2,1,0,-1
200;0;6,6,6,6,6,-1;0,1,2,3,4,-1
148;0;6,6,6,6,6,-1;0,4,1,3,2,-1
119;0;6,6,6,6,6,-1;1,3,2,4,0,-1
80;0;6,6,6,6,6,-1;1,3,0,4,2,-1
44;0;6,6,6,6,6,-1;3,4,1,2,0,-1
398;0;6,6,6,6,6,-1;3,2,1,4,0,-1
103;0;6,6,6,6,6,-1;1,2,4,0,3,-1
147;0;6,6,6,6,6,-1;1,4,3,2,0,-1
219;0;6,6,6,6,6,-1;4,1,3,0,2,-1
318;0;6,6,6,6,6,-1;0,4,3,2,1,-1
341;0;6,6,6,6,6,-1;3,0,2,1,4,-1
303;0;6,6,6,6,6,-1;2,4,0,1,3,-1
49;0;6,6,6,6,6,-1;1,2,0,4,3,-1
99;0;6,6,6,6,6,-1;1,2,4,0,3,-1
242;0;6,6,6,6,6,-1;3,1,0,2,4,-1
159;0;6,6,6,6,6,-1;2,4,0,1,3,-1
304;0;6,6,6,6,6,-1;1,4,2,3,0,-1
53;0;6,6,6,6,6,-1;0,4,3,1,2,-1
144;0;6,6,6,6,6,-1;3,0,4,2,1,-1
200;0;6,6,6,6,6,-1;0,2,4,3,1,-1
126;0;6,6,6,6,6,-1;0,1,3,2,4,-1
153;0;6,6,6,6,6,-1;4,2,0,1,3,-1
236;0;6,6,6,6,6,-1;2,1,3,4,0,-1
115;0;6,6,6,6,6,-1;4,0,2,3,1,-1
170;0;6,6,6,6,6,-1;0,4,2,1,3,-1
643;0;6,6,6,6,6,-1;1,3,0,4,2,-1
96;0;6,6,6,6,6,-1;1,4,3,0,2,-1
261;0;6,6,6,6,6,-1;0,3,1,4,2,-1
188;0;6,6,6,6,6,-1;0,3,2,1,4,-1
60;0;6,6,6,6,6,-1;4,0,1,2,3,-1
301;0;6,6,6,6,6,-1;4,1,3,0,2,-1
145;0;6,6,6,6,6,-1;2,3,0,4,1,-1
265;0;6,6,6,6,6,-1;2,4,0,1,3,-1
100;0;6,6,6,6,6,-1;4,1,3,2,0,-1
215;0;6,6,6,6,6,-1;0,1,3,2,4,-1
128;0;6,6,6,6,6,-1;3,2,4,0,1,-1
88;0;6,6,6,6,6,-1;0,3,2,1,4,-1
141;0;6,6,6,6,6,-1;0,1,3,4,2,-1
190;0;6,6,6,6,6,-1;0,2,4,3,1,-1
241;0;6,6,6,6,6,-1;0,1,2,3,4,-1
173;0;6,6,6,6,6,-1;4,3,2,0,1,-1
82;0;6,6,6,6,6,-1;0,4,3,2,1,-1
67;0;6,6,6,6,6,-1;3,1,0,4,2,-1
137;0;6,6,6,6,6,-1;2,4,0,3,1,-1
100;0;6,6,6,6,6,-1;3,1,2,0,4,-1
123;0;6,6,6,6,6,-1;4,0,2,3,1,-1
121;0;6,6,6,6,6,-1;0,1,3,2,4,-1
347;0;6,6,6,6,6,-1;0,3,2,4,1,-1
208;0;6,6,6,6,6,-1;3,0,2,4,1,-1
163;0;6,6,6,6,6,-1;3,4,2,0,1,-1
96;0;6,6,6,6,6,-1;2,4,3,1,0,-1
117;0;6,6,6,6,6,-1;1,2,0,3,4,-1
73;0;6,6,6,6,6,-1;4,3,1,2,0,-1
234;0;6,6,6,6,6,-1;1,3,0,4,2,-1
177;0;6,6,6,6,6,-1;0,4,1,2,3,-1
94;0;6,6,6,6,6,-1;2,0,1,3,4,-1
165;0;6,6,6,6,6,-1;4,0,1,3,2,-1
144;0;6,6,6,6,6,-1;2,0,4,1,3,-1
154;0;6,6,6,6,6,-1;2,3,4,0,1,-1
69;0;6,6,6,6,6,-1;1,3,4,0,2,-1
470;0;6,6,6,6,6,-1;2,3,1,0,4,-1
98;0;6,6,6,6,6,-1;4,3,0,2,1,-1
145;0;6,6,6,6,6,-1;4,0,3,1,2,-1
139;0;6,6,6,6,6,-1;0,4,1,3,2,-1
198;0;6,6,6,6,6,-1;3,0,4,2,1,-1
165;0;6,6,6,6,6,-1;1,0,4,2,3,-1
186;0;6,6,6,6,6,-1;0,4,3,2,1,-1
108;0;6,6,6,6,6,-1;1,3,4,2,0,-1
292;0;6,6,6,6,6,-1;4,1,0,2,3,-1
89;0;6,6,6,6,6,-1;2,0,3,1,4,-1
85;0;6,6,6,6,6,-1;3,2,0,1,4,-1
163;0;6,6,6,6,6,-1;4,1,2,0,3,-1
132;0;6,6,6,6,6,-1;2,0,1,3,4,-1
219;0;6,6,6,6,6,-1;4,2,1,0,3,-1
146;0;6,6,6,6,6,-1;1,0,2,3,4,-1
281;0;6,6,6,6,6,-1;3,0,2,1,4,-1
146;0;6,6,6,6,6,-1;0,1,3,2,4,-1
92;0;6,6,6,6,6,-1;4,3,0,2,1,-1
393;0;6,6,6,6,6,-1;0,2,3,1,4,-1
100;0;6,6,6,6,6,-1;1,0,4,2,3,-1
594;0;6,6,6,6,6,-1;3,0,1,4,2,-1
158;0;6,6,6,6,6,-1;0,1,2,4,3,-1
145;0;6,6,6,6,6,-1;4,0,2,1,3,-1
101;0;6,6,6,6,6,-1;3,4,2,1,0,-1
182;0;6,6,6,6,6,-1;4,0,3,2,1,-1
305;0;6,6,6,6,6,-1;2,4,1,0,3,-1
161;0;6,6,6,6,6,-1;1,0,3,4,2,-1
302;0;6,6,6,6,6,-1;2,0,3,4,1,-1
83;0;6,6,6,6,6,-1;1,3,0,2,4,-1
64;0;6,6,6,6,6,-1;2,1,4,3,0,-1
487;0;6,6,6,6,6,-1;3,0,4,1,2,-1
54;0;6,6,6,6,6,-1;3,4,2,1,0,-1
80;0;6,6,6,6,6,-1;1,4,2,3,0,-1
134;0;6,6,6,6,6,-1;3,2,4,0,1,-1
100;0;6,6,6,6,6,-1;0,3,4,2,1,-1
415;0;6,6,6,6,6,-1;1,2,4,3,0,-1
197;0;6,6,6,6,6,-1;4,2,0,1,3,-1
100;0;6,6,6,6,6,-1;3,2,0,4,1,-1
74;0;6,6,6,6,6,-1;4,1,3,2,0,-1
141;0;6,6,6,6,6,-1;3,0,2,4,1,-1
328;0;6,6,6,6,6,-1;2,4,0,1,3,-1
223;0;6,6,6,6,6,-1;1,3,2,4,0,-1
131;0;6,6,6,6,6,-1;2,1,3,4,0,-1
48;0;6,6,6,6,6,-1;2,0,3,1,4,-1
108;0;6,6,6,6,6,-1;0,2,1,3,4,-1
223;0;6,6,6,6,6,-1;2,4,3,1,0,-1
237;0;6,6,6,6,6,-1;2,4,0,3,1,-1
230;0;6,6,6,6,6,-1;1,3,0,2,4,-1
97;0;6,6,6,6,6,-1;3,2,4,0,1,-1
198;0;6,6,6,6,6,-1;2,0,3,1,4,-1
146;0;6,6,6,6,6,-1;1,0,3,2,4,-1
81;0;6,6,6,6,6,-1;3,4,1,2,0,-1
210;0;6,6,6,6,6,-1;3,4,1,2,0,-1
474;0;6,6,6,6,6,-1;4,1,2,3,0,-1
102;0;6,6,6,6,6,-1;3,4,1,0,2,-1
71;0;6,6,6,6,6,-1;0,1,3,4,2,-1
148;0;6,6,6,6,6,-1;0,2,3,4,1,-1
120;0;6,6,6,6,6,-1;0,1,4,2,3,-1
749;0;6,6,6,6,6,-1;0,2,4,1,3,-1
73;0;6,6,6,6,6,-1;1,2,3,4,0,-1
123;0;6,6,6,6,6,-1;1,3,4,2,0,-1
88;0;6,6,6,6,6,-1;2,4,1,3,0,-1
81;0;6,6,6,6,6,-1;3,0,2,1,4,-1
252;0;6,6,6,6,6,-1;3,2,1,4,0,-1
230;0;6,6,6,6,6,-1;1,2,4,3,0,-1
206;0;6,6,6,6,6,-1;2,3,1,0,4,-1
96;0;6,6,6,6,6,-1;2,1,4,0,3,-1
108;0;6,6,6,6,6,-1;0,1,3,4,2,-1
110;0;6,6,6,6,6,-1;2,3,1,0,4,-1
110;0;6,6,6,6,6,-1;4,2,0,3,1,-1
86;0;6,6,6,6,6,-1;0,3,2,1,4,-1
376;0;6,6,6,6,6,-1;3,4,0,2,1,-1
107;0;6,6,6,6,6,-1;2,3,0,4,1,-1
253;0;6,6,6,6,6,-1;2,1,3,4,0,-1
74;0;6,6,6,6,6,-1;1,4,2,0,3,-1
248;0;6,6,6,6,6,-1;2,1,0,4,3,-1
219;0;6,6,6,6,6,-1;3,2,1,0,4,-1
115;0;6,6,6,6,6,-1;2,3,1,4,0,-1
77;0;6,6,6,6,6,-1;1,2,3,0,4,-1
179;0;6,6,6,6,6,-1;4,0,1,2,3,-1
149;0;6,6,6,6,6,-1;0,4,1,3,2,-1
53;0;6,6,6,6,6,-1;4,2,1,3,0,-1
252;0;6,6,6,6,6,-1;3,0,4,1,2,-1
150;0;6,6,6,6,6,-1;0,2,1,3,4,-1
298;0;6,6,6,6,6,-1;1,4,2,0,3,-1
117;0;6,6,6,6,6,-1;2,1,3,4,0,-1
87;0;6,6,6,6,6,-1;2,4,1,3,0,-1
94;0;6,6,6,6,6,-1;0,1,4,2,3,-1
84;0;6,6,6,6,6,-1;0,1,4,3,2,-1
313;0;6,6,6,6,6,-1;2,3,0,4,1,-1
220;0;6,6,6,6,6,-1;3,2,4,1,0,-1
86;0;6,6,6,6,6,-1;4,1,2,3,0,-1
79;0;6,6,6,6,6,-1;2,0,3,4,1,-1
350;0;6,6,6,6,6,-1;1,4,3,2,0,-1
129;0;6,6,6,6,6,-1;0,2,4,3,1,-1
143;0;6,6,6,6,6,-1;3,1,4,0,2,-1
86;0;6,6,6,6,6,-1;1,2,3,0,4,-1
294;0;6,6,6,6,6,-1;4,2,0,1,3,-1
122;0;6,6,6,6,6,-1;1,3,0,2,4,-1
290;0;6,6,6,6,6,-1;3,0,4,1,2,-1
126;0;6,6,6,6,6,-1;1,2,0,4,3,-1
92;0;6,6,6,6,6,-1;3,2,1,4,0,-1
223;0;6,6,6,6,6,-1;4,0,2,1,3,-1
238;0;6,6,6,6,6,-1;4,1,2,0,3,-1
98;0;6,6,6,6,6,-1;3,4,2,0,1,-1
178;0;6,6,6,6,6,-1;3,2,0,4,1,-1
67;0;6,6,6,6,6,-1;3,1,0,4,2,-1
422;0;6,6,6,6,6,-1;4,0,3,1,2,-1
78;0;6,6,6,6,6,-1;2,3,4,1,0,-1
82;0;6,6,6,6,6,-1;3,2,0,1,4,-1
120;0;6,6,6,6,6,-1;0,4,3,2,1,-1
116;0;6,6,6,6,6,-1;1,4,3,2,0,-1
87;0;6,6,6,6,6,-1;2,0,3,1,4,-1
67;0;6,6,6,6,6,-1;3,2,1,0,4,-1
295;0;6,6,6,6,6,-1;2,3,4,0,1,-1
114;0;6,6,6,6,6,-1;4,2,3,1,0,-1
50;0;6,6,6,6,6,-1;1,4,2,0,3,-1
131;0;6,6,6,6,6,-1;0,1,4,3,2,-1
193;0;6,6,6,6,6,-1;2,3,0,1,4,-1
169;0;6,6,6,6,6,-1;0,4,1,3,2,-1
167;0;6,6,6,6,6,-1;4,1,2,0,3,-1
138;0;6,6,6,6,6,-1;2,1,3,0,4,-1
216;0;6,6,6,6,6,-1;0,2,4,1,3,-1
64;0;6,6,6,6,6,-1;1,0,4,3,2,-1
208;0;6,6,6,6,6,-1;2,3,4,0,1,-1
209;0;6,6,6,6,6,-1;2,0,1,4,3,-1
369;0;6,6,6,6,6,-1;0,4,1,3,2,-1
157;0;6,6,6,6,6,-1;1,3,2,0,4,-1
134;0;6,6,6,6,6,-1;0,2,3,1,4,-1
80;0;6,6,6,6,6,-1;0,1,3,2,4,-1
51;0;6,6,6,6,6,-1;2,1,3,4,0,-1
385;0;6,6,6,6,6,-1;2,1,0,3,4,-1
90;0;6,6,6,6,6,-1;3,0,1,2,4,-1
140;0;6,6,6,6,6,-1;2,1,0,3,4,-1
116;0;6,6,6,6,6,-1;1,4,2,0,3,-1
226;0;6,6,6,6,6,-1;2,3,1,4,0,-1
289;0;6,6,6,6,6,-1;3,4,2,1,0,-1
73;0;6,6,6,6,6,-1;4,3,2,0,1,-1
47;0;6,6,6,6,6,-1;3,0,4,1,2,-1
164;0;6,6,6,6,6,-1;0,3,2,1,4,-1
158;0;6,6,6,6,6,-1;1,2,3,4,0,-1
396;0;6,6,6,6,6,-1;0,4,3,2,1,-1
103;0;6,6,6,6,6,-1;3,2,0,4,1,-1
106;0;6,6,6,6,6,-1;0,3,1,4,2,-1
72;0;6,6,6,6,6,-1;0,2,3,1,4,-1
196;0;6,6,6,6,6,-1;3,1,4,0,2,-1
145;0;6,6,6,6,6,-1;4,3,1,2,0,-1
77;0;6,6,6,6,6,-1;2,1,3,4,0,-1
85;0;6,6,6,6,6,-1;1,2,3,4,0,-1
170;0;6,6,6,6,6,-1;4,2,1,3,0,-1
197;0;6,6,6,6,6,-1;3,0,2,4,1,-1
181;0;6,6,6,6,6,-1;2,1,3,0,4,-1
72;0;6,6,6,6,6,-1;2,3,4,1,0,-1
127;0;6,6,6,6,6,-1;1,2,3,4,0,-1
183;0;6,6,6,6,6,-1;1,4,2,3,0,-1
97;0;6,6,6,6,6,-1;0,3,2,4,1,-1
121;0;6,6,6,6,6,-1;4,3,2,1,0,-1
223;0;6,6,6,6,6,-1;0,1,4,3,2,-1
161;0;6,6,6,6,6,-1;1,0,2,3,4,-1
62;0;6,6,6,6,6,-1;3,4,1,0,2,-1
119;0;6,6,6,6,6,-1;4,0,2,3,1,-1
181;0;6,6,6,6,6,-1;3,2,4,0,1,-1
238;0;6,6,6,6,6,-1;3,4,2,1,0,-1
155;0;6,6,6,6,6,-1;2,0,3,4,1,-1
73;0;6,6,6,6,6,-1;0,3,1,2,4,-1
236;0;6,6,6,6,6,-1;0,1,4,3,2,-1
246;0;6,6,6,6,6,-1;3,4,2,0,1,-1
81;0;6,6,6,6,6,-1;4,0,3,2,1,-1
283;0;6,6,6,6,6,-1;1,3,2,0,4,-1
115;0;6,6,6,6,6,-1;1,3,0,4,2,-1
124;0;6,6,6,6,6,-1;4,3,0,2,1,-1
131;0;6,6,6,6,6,-1;3,2,1,4,0,-1
448;0;6,6,6,6,6,-1;4,1,0,2,3,-1
47;0;6,6,6,6,6,-1;2,4,1,0,3,-1
263;0;6,6,6,6,6,-1;2,3,4,1,0,-1
99;0;6,6,6,6,6,-1;0,4,2,3,1,-1
78;0;6,6,6,6,6,-1;4,1,3,0,2,-1
164;0;6,6,6,6,6,-1;3,4,1,2,0,-1
147;0;6,6,6,6,6,-1;3,2,4,0,1,-1
63;0;6,6,6,6,6,-1;1,2,4,3,0,-1
105;0;6,6,6,6,6,-1;2,4,0,3,1,-1
118;0;6,6,6,6,6,-1;2,0,1,3,4,-1
140;0;6,6,6,6,6,-1;4,3,0,1,2,-1
89;0;6,6,6,6,6,-1;1,2,3,0,4,-1
81;0;6,6,6,6,6,-1;4,3,0,1,2,-1
93;0;6,6,6,6,6,-1;0,3,1,4,2,-1
286;0;6,6,6,6,6,-1;2,1,0,3,4,-1
55;0;6,6,6,6,6,-1;3,1,2,4,0,-1
60;0;6,6,6,6,6,-1;0,3,4,1,2,-1
87;0;6,6,6,6,6,-1;4,0,2,3,1,-1
194;0;6,6,6,6,6,-1;2,4,1,3,0,-1
76;0;6,6,6,6,6,-1;0,2,1,4,3,-1
269;0;6,6,6,6,6,-1;2,3,0,4,1,-1
103;0;6,6,6,6,6,-1;1,4,3,0,2,-1
109;0;6,6,6,6,6,-1;1,4,3,0,2,-1
141;0;6,6,6,6,6,-1;2,0,4,3,1,-1
117;0;6,6,6,6,6,-1;1,2,3,4,0,-1
69;0;6,6,6,6,6,-1;0,1,3,2,4,-1
710;0;6,6,6,6,6,-1;4,3,0,2,1,-1
205;0;6,6,6,6,6,-1;1,4,0,3,2,-1
175;0;6,6,6,6,6,-1;0,2,4,3,1,-1
44;0;6,6,6,6,6,-1;1,4,2,3,0,-1
218;0;6,6,6,6,6,-1;0,4,3,2,1,-1
291;0;6,6,6,6,6,-1;1,2,0,3,4,-1
174;0;6,6,6,6,6,-1;3,4,0,2,1,-1
118;0;6,6,6,6,6,-1;0,3,4,1,2,-1
103;0;6,6,6,6,6,-1;2,4,3,1,0,-1
107;0;6,6,6,6,6,-1;0,1,4,2,3,-1
120;0;6,6,6,6,6,-1;4,1,3,2,0,-1
90;0;6,6,6,6,6,-1;2,0,1,4,3,-1
85;0;6,6,6,6,6,-1;0,4,3,2,1,-1
351;0;6,6,6,6,6,-1;0,3,4,2,1,-1
184;0;6,6,6,6,6,-1;2,0,4,3,1,-1
36;0;6,6,6,6,6,-1;2,0,4,3,1,-1
113;0;6,6,6,6,6,-1;2,3,4,0,1,-1
87;0;6,6,6,6,6,-1;4,3,2,0,1,-1
60;0;6,6,6,6,6,-1;1,3,2,0,4,-1
70;0;6,6,6,6,6,-1;0,3,1,2,4,-1
89;0;6,6,6,6,6,-1;3,4,0,1,2,-1
142;0;6,6,6,6,6,-1;3,0,2,1,4,-1
272;0;6,6,6,6,6,-1;4,3,1,0,2,-1
194;0;6,6,6,6,6,-1;4,3,0,1,2,-1
141;0;6,6,6,6,6,-1;1,3,0,2,4,-1
85;0;6,6,6,6,6,-1;2,1,0,4,3,-1
72;0;6,6,6,6,6,-1;4,0,1,3,2,-1
122;0;6,6,6,6,6,-1;3,2,1,4,0,-1
150;0;6,6,6,6,6,-1;2,3,0,4,1,-1
110;0;6,6,6,6,6,-1;3,4,0,2,1,-1
131;0;6,6,6,6,6,-1;0,4,1,3,2,-1
93;0;6,6,6,6,6,-1;4,2,1,3,0,-1
101;0;6,6,6,6,6,-1;0,3,2,4,1,-1
118;0;6,6,6,6,6,-1;1,0,2,4,3,-1
114;0;6,6,6,6,6,-1;0,2,4,3,1,-1
78;0;6,6,6,6,6,-1;2,1,3,0,4,-1
257;0;6,6,6,6,6,-1;2,0,4,3,1,-1
198;0;6,6,6,6,6,-1;0,4,3,2,1,-1
207;0;6,6,6,6,6,-1;4,2,1,0,3,-1
193;0;6,6,6,6,6,-1;2,0,4,3,1,-1
73;0;6,6,6,6,6,-1;4,1,2,0,3,-1
405;0;6,6,6,6,6,-1;4,2,1,3,0,-1
164;0;6,6,6,6,6,-1;0,4,1,3,2,-1
103;0;6,6,6,6,6,-1;4,1,0,3,2,-1
243;0;6,6,6,6,6,-1;2,3,0,1,4,-1
689;0;6,6,6,6,6,-1;3,4,2,0,1,-1
137;0;6,6,6,6,6,-1;4,3,2,1,0,-1
230;0;6,6,6,6,6,-1;1,4,0,2,3,-1
76;0;6,6,6,6,6,-1;0,4,2,3,1,-1
123;0;6,6,6,6,6,-1;1,3,0,4,2,-1
425;0;6,6,6,6,6,-1;4,1,2,3,0,-1
131;0;6,6,6,6,6,-1;1,2,3,4,0,-1
75;0;6,6,6,6,6,-1;0,1,2,3,4,-1
140;0;6,6,6,6,6,-1;3,1,4,0,2,-1
104;0;6,6,6,6,6,-1;3,0,1,2,4,-1
46;0;6,6,6,6,6,-1;1,4,0,2,3,-1
183;0;6,6,6,6,6,-1;2,0,3,1,4,-1
72;0;6,6,6,6,6,-1;3,2,1,0,4,-1
325;0;6,6,6,6,6,-1;3,0,1,4,2,-1
222;0;6,6,6,6,6,-1;2,1,4,0,3,-1
128;0;6,6,6,6,6,-1;0,3,4,1,2,-1
154;0;6,6,6,6,6,-1;3,4,1,2,0,-1
77;0;6,6,6,6,6,-1;0,3,4,1,2,-1
91;0;6,6,6,6,6,-1;0,2,3,1,4,-1
241;0;6,6,6,6,6,-1;0,3,2,4,1,-1
172;0;6,6,6,6,6,-1;4,3,0,2,1,-1
72;0;6,6,6,6,6,-1;2,3,1,4,0,-1
157;0;6,6,6,6,6,-1;4,3,1,2,0,-1
107;0;6,6,6,6,6,-1;1,3,4,0,2,-1
400;0;6,6,6,6,6,-1;0,4,1,3,2,-1
128;0;6,6,6,6,6,-1;2,1,3,4,0,-1
54;0;6,6,6,6,6,-1;1,0,2,3,4,-1
185;0;6,6,6,6,6,-1;1,4,3,2,0,-1
163;0;6,6,6,6,6,-1;3,0,4,1,2,-1
69;0;6,6,6,6,6,-1;3,1,2,0,4,-1
160;0;6,6,6,6,6,-1;2,1,0,4,3,-1
131;0;6,6,6,6,6,-1;0,1,3,4,2,-1
83;0;6,6,6,6,6,-1;0,2,4,3,1,-1
152;0;6,6,6,6,6,-1;2,1,3,0,4,-1
268;0;6,6,6,6,6,-1;4,1,3,0,2,-1
129;0;6,6,6,6,6,-1;0,2,1,3,4,-1
197;0;6,6,6,6,6,-1;4,2,3,1,0,-1
130;0;6,6,6,6,6,-1;2,4,0,3,1,-1
170;0;6,6,6,6,6,-1;4,3,0,2,1,-1
393;0;6,6,6,6,6,-1;0,2,1,3,4,-1
89;0;6,6,6,6,6,-1;0,1,2,4,3,-1
315;0;6,6,6,6,6,-1;1,0,2,3,4,-1
60;0;6,6,6,6,6,-1;2,4,1,3,0,-1
310;0;6,6,6,6,6,-1;2,3,0,4,1,-1
224;0;6,6,6,6,6,-1;2,3,0,4,1,-1
138;0;6,6,6,6,6,-1;0,1,4,2,3,-1
295;0;6,6,6,6,6,-1;1,4,3,2,0,-1
150;0;6,6,6,6,6,-1;3,1,2,4,0,-1
114;0;6,6,6,6,6,-1;0,1,4,3,2,-1
111;0;6,6,6,6,6,-1;2,1,0,3,4,-1
58;0;6,6,6,6,6,-1;0,4,2,1,3,-1
115;0;6,6,6,6,6,-1;2,3,1,4,0,-1
228;0;6,6,6,6,6,-1;0,4,3,2,1,-1
102;0;6,6,6,6,6,-1;2,3,1,4,0,-1
107;0;6,6,6,6,6,-1;2,0,4,1,3,-1
306;0;6,6,6,6,6,-1;1,2,4,0,3,-1
99;0;6,6,6,6,6,-1;2,0,1,4,3,-1
79;0;6,6,6,6,6,-1;3,2,4,1,0,-1
98;0;6,6,6,6,6,-1;0,2,3,4,1,-1
80;0;6,6,6,6,6,-1;3,2,1,4,0,-1
115;0;6,6,6,6,6,-1;1,0,3,4,2,-1
209;0;6,6,6,6,6,-1;1,2,0,4,3,-1
69;0;6,6,6,6,6,-1;0,4,2,3,1,-1
65;0;6,6,6,6,6,-1;3,4,2,1,0,-1
66;0;6,6,6,6,6,-1;2,3,4,0,1,-1
176;0;6,6,6,6,6,-1;3,2,0,4,1,-1
547;0;6,6,6,6,6,-1;1,2,0,3,4,-1
79;0;6,6,6,6,6,-1;4,1,0,3,2,-1
108;0;6,6,6,6,6,-1;3,2,1,4,0,-1
96;0;6,6,6,6,6,-1;4,0,2,3,1,-1
170;0;6,6,6,6,6,-1;1,2,0,3,4,-1
138;0;6,6,6,6,6,-1;3,4,1,0,2,-1
110;0;6,6,6,6,6,-1;1,4,0,3,2,-1
79;0;6,6,6,6,6,-1;4,0,2,3,1,-1
112;0;6,6,6,6,6,-1;2,3,0,4,1,-1
63;0;6,6,6,6,6,-1;1,0,3,4,2,-1
198;0;6,6,6,6,6,-1;4,3,0,1,2,-1
242;0;6,6,6,6,6,-1;2,4,0,3,1,-1
152;0;6,6,6,6,6,-1;2,3,0,4,1,-1
109;0;6,6,6,6,6,-1;2,0,4,1,3,-1
125;0;6,6,6,6,6,-1;1,4,3,2,0,-1
143;0;6,6,6,6,6,-1;1,3,2,0,4,-1
237;0;6,6,6,6,6,-1;2,3,4,0,1,-1
91;0;6,6,6,6,6,-1;4,1,2,0,3,-1
307;0;6,6,6,6,6,-1;4,3,2,0,1,-1
152;0;6,6,6,6,6,-1;0,1,2,4,3,-1
304;0;6,6,6,6,6,-1;0,1,2,3,4,-1
156;0;6,6,6,6,6,-1;0,2,1,4,3,-1
168;0;6,6,6,6,6,-1;0,1,4,2,3,-1
105;0;6,6,6,6,6,-1;2,0,4,1,3,-1
142;0;6,6,6,6,6,-1;0,4,3,2,1,-1
88;0;6,6,6,6,6,-1;0,1,3,2,4,-1
348;0;6,6,6,6,6,-1;3,0,4,1,2,-1
170;0;6,6,6,6,6,-1;0,1,3,2,4,-1
90;0;6,6,6,6,6,-1;2,3,1,4,0,-1
246;0;6,6,6,6,6,-1;3,1,0,4,2,-1
72;0;6,6,6,6,6,-1;4,1,0,3,2,-1
223;0;6,6,6,6,6,-1;4,1,3,0,2,-1
82;0;6,6,6,6,6,-1;4,0,2,3,1,-1
238;0;6,6,6,6,6,-1;2,4,0,1,3,-1
218;0;6,6,6,6,6,-1;4,2,3,1,0,-1
116;0;6,6,6,6,6,-1;0,4,3,1,2,-1
107;0;6,6,6,6,6,-1;4,2,3,1,0,-1
108;0;6,6,6,6,6,-1;2,0,1,4,3,-1
115;0;6,6,6,6,6,-1;1,3,4,0,2,-1
83;0;6,6,6,6,6,-1;1,2,4,0,3,-1
213;0;6,6,6,6,6,-1;1,2,3,4,0,-1
95;0;6,6,6,6,6,-1;4,2,0,3,1,-1
73;0;6,6,6,6,6,-1;0,3,1,2,4,-1
78;0;6,6,6,6,6,-1;0,1,3,2,4,-1
101;0;6,6,6,6,6,-1;1,0,4,2,3,-1
161;0;6,6,6,6,6,-1;2,4,3,0,1,-1
61;0;6,6,6,6,6,-1;4,1,0,3,2,-1
81;0;6,6,6,6,6,-1;0,2,4,1,3,-1
317;0;6,6,6,6,6,-1;1,2,3,0,4,-1
130;0;6,6,6,6,6,-1;2,4,1,3,0,-1
209;0;6,6,6,6,6,-1;1,0,3,4,2,-1
64;0;6,6,6,6,6,-1;3,0,4,1,2,-1
67;0;6,6,6,6,6,-1;1,3,2,0,4,-1
192;0;6,6,6,6,6,-1;1,0,4,3,2,-1
147;0;6,6,6,6,6,-1;3,1,2,0,4,-1
52;0;6,6,6,6,6,-1;0,1,4,2,3,-1
141;0;6,6,6,6,6,-1;0,1,3,2,4,-1
233;0;6,6,6,6,6,-1;2,3,0,1,4,-1
74;0;6,6,6,6,6,-1;2,4,0,3,1,-1
108;0;6,6,6,6,6,-1;2,3,4,0,1,-1
73;0;6,6,6,6,6,-1;1,0,3,4,2,-1
257;0;6,6,6,6,6,-1;1,3,4,2,0,-1
99;0;6,6,6,6,6,-1;1,4,2,0,3,-1
94;0;6,6,6,6,6,-1;1,0,4,3,2,-1
301;0;6,6,6,6,6,-1;1,4,3,0,2,-1
297;0;6,6,6,6,6,-1;2,4,0,3,1,-1
116;0;6,6,6,6,6,-1;4,0,3,2,1,-1
90;0;6,6,6,6,6,-1;4,2,0,3,1,-1
167;0;6,6,6,6,6,-1;4,0,3,1,2,-1
173;0;6,6,6,6,6,-1;0,1,4,2,3,-1
70;0;6,6,6,6,6,-1;2,4,1,3,0,-1
238;0;6,6,6,6,6,-1;2,4,3,0,1,-1
98;0;6,6,6,6,6,-1;2,3,0,1,4,-1
216;0;6,6,6,6,6,-1;4,0,3,2,1,-1
101;0;6,6,6,6,6,-1;4,0,3,2,1,-1
97;0;6,6,6,6,6,-1;1,2,3,4,0,-1
138;0;6,6,6,6,6,-1;0,2,3,4,1,-1
123;0;6,6,6,6,6,-1;3,4,2,1,0,-1
194;0;6,6,6,6,6,-1;0,3,4,1,2,-1
224;0;6,6,6,6,6,-1;1,4,0,3,2,-1
116;0;6,6,6,6,6,-1;2,1,4,0,3,-1
160;0;6,6,6,6,6,-1;4,1,3,0,2,-1
286;0;6,6,6,6,6,-1;0,1,3,4,2,-1
156;0;6,6,6,6,6,-1;1,2,0,3,4,-1
78;0;6,6,6,6,6,-1;1,0,3,2,4,-1
103;0;6,6,6,6,6,-1;1,2,3,4,0,-1
197;0;6,6,6,6,6,-1;2,4,0,3,1,-1
208;0;6,6,6,6,6,-1;4,3,1,0,2,-1
121;0;6,6,6,6,6,-1;3,0,2,4,1,-1
59;0;6,6,6,6,6,-1;3,0,4,1,2,-1
140;0;6,6,6,6,6,-1;4,1,2,3,0,-1
88;0;6,6,6,6,6,-1;2,1,0,3,4,-1
116;0;6,6,6,6,6,-1;3,1,4,0,2,-1
54;0;6,6,6,6,6,-1;3,1,4,0,2,-1
377;0;6,6,6,6,6,-1;0,1,3,4,2,-1
116;0;6,6,6,6,6,-1;1,3,2,4,0,-1
146;0;6,6,6,6,6,-1;3,1,2,0,4,-1
81;0;6,6,6,6,6,-1;4,0,1,2,3,-1
124;0;6,6,6,6,6,-1;3,2,4,1,0,-1
171;0;6,6,6,6,6,-1;1,0,4,2,3,-1
128;0;6,6,6,6,6,-1;4,0,2,1,3,-1
151;0;6,6,6,6,6,-1;1,2,3,4,0,-1
251;0;6,6,6,6,6,-1;3,4,2,1,0,-1
65;0;6,6,6,6,6,-1;4,2,1,0,3,-1
53;0;6,6,6,6,6,-1;1,2,3,0,4,-1
91;0;6,6,6,6,6,-1;0,4,2,3,1,-1
157;0;6,6,6,6,6,-1;1,3,4,2,0,-1
100;0;6,6,6,6,6,-1;4,0,1,3,2,-1
73;0;6,6,6,6,6,-1;4,3,2,0,1,-1
82;0;6,6,6,6,6,-1;3,1,2,0,4,-1
160;0;6,6,6,6,6,-1;4,1,0,3,2,-1
591;0;6,6,6,6,6,-1;3,4,1,0,2,-1
237;0;6,6,6,6,6,-1;1,4,0,3,2,-1
81;0;6,6,6,6,6,-1;0,4,2,3,1,-1
106;0;6,6,6,6,6,-1;3,0,1,4,2,-1
108;0;6,6,6,6,6,-1;0,4,3,2,1,-1
111;0;6,6,6,6,6,-1;2,0,4,3,1,-1
130;0;6,6,6,6,6,-1;1,2,3,4,0,-1
361;0;6,6,6,6,6,-1;0,1,4,2,3,-1
58;0;6,6,6,6,6,-1;3,4,2,1,0,-1
70;0;6,6,6,6,6,-1;0,3,4,2,1,-1
73;0;6,6,6,6,6,-1;2,3,1,0,4,-1
70;0;6,6,6,6,6,-1;3,1,4,2,0,-1
108;0;6,6,6,6,6,-1;1,2,4,0,3,-1
117;0;6,6,6,6,6,-1;1,4,0,3,2,-1
212;0;6,6,6,6,6,-1;3,2,1,0,4,-1
139;0;6,6,6,6,6,-1;0,1,4,2,3,-1
99;0;6,6,6,6,6,-1;0,4,1,2,3,-1
180;0;6,6,6,6,6,-1;0,2,3,4,1,-1
54;0;6,6,6,6,6,-1;2,4,0,3,1,-1
129;0;6,6,6,6,6,-1;1,2,0,4,3,-1
146;0;6,6,6,6,6,-1;1,3,2,0,4,-1
133;0;6,6,6,6,6,-1;0,1,2,4,3,-1
199;0;6,6,6,6,6,-1;4,0,2,3,1,-1
386;0;6,6,6,6,6,-1;1,4,2,3,0,-1
75;0;6,6,6,6,6,-1;1,3,2,0,4,-1
86;0;6,6,6,6,6,-1;2,4,1,0,3,-1
138;0;6,6,6,6,6,-1;1,3,2,4,0,-1
75;0;6,6,6,6,6,-1;3,0,1,4,2,-1
133;0;6,6,6,6,6,-1;0,3,2,1,4,-1
227;0;6,6,6,6,6,-1;0,2,3,4,1,-1
91;0;6,6,6,6,6,-1;0,3,4,2,1,-1
245;0;6,6,6,6,6,-1;2,4,0,3,1,-1
282;0;6,6,6,6,6,-1;0,3,2,1,4,-1
227;0;6,6,6,6,6,-1;3,2,1,0,4,-1
110;0;6,6,6,6,6,-1;3,4,1,0,2,-1
196;0;6,6,6,6,6,-1;1,3,2,4,0,-1
80;0;6,6,6,6,6,-1;1,3,0,4,2,-1
129;0;6,6,6,6,6,-1;0,1,3,4,2,-1
104;0;6,6,6,6,6,-1;3,2,1,0,4,-1
389;0;6,6,6,6,6,-1;2,1,3,0,4,-1
174;0;6,6,6,6,6,-1;2,0,3,1,4,-1
102;0;6,6,6,6,6,-1;3,0,4,1,2,-1
248;0;6,6,6,6,6,-1;4,0,3,1,2,-1
68;0;6,6,6,6,6,-1;2,4,1,0,3,-1
140;0;6,6,6,6,6,-1;1,0,4,2,3,-1
100;0;6,6,6,6,6,-1;4,2,1,3,0,-1
197;0;6,6,6,6,6,-1;0,4,1,3,2,-1
112;0;6,6,6,6,6,-1;3,1,2,4,0,-1
92;0;6,6,6,6,6,-1;2,0,4,1,3,-1
312;0;6,6,6,6,6,-1;0,1,3,4,2,-1
212;0;6,6,6,6,6,-1;3,4,1,2,0,-1
109;0;6,6,6,6,6,-1;4,3,2,1,0,-1
419;0;6,6,6,6,6,-1;1,3,4,0,2,-1
73;0;6,6,6,6,6,-1;1,2,3,4,0,-1
240;0;6,6,6,6,6,-1;1,2,3,0,4,-1
156;0;6,6,6,6,6,-1;4,3,1,2,0,-1
228;0;6,6,6,6,6,-1;3,4,1,2,0,-1
153;0;6,6,6,6,6,-1;4,2,1,0,3,-1
357;0;6,6,6,6,6,-1;2,3,0,1,4,-1
300;0;6,6,6,6,6,-1;4,1,2,0,3,-1
94;0;6,6,6,6,6,-1;0,2,3,4,1,-1
144;0;6,6,6,6,6,-1;3,4,2,1,0,-1
91;0;6,6,6,6,6,-1;4,3,2,1,0,-1
64;0;6,6,6,6,6,-1;0,2,4,1,3,-1
85;0;6,6,6,6,6,-1;2,4,3,0,1,-1
365;0;6,6,6,6,6,-1;2,4,1,0,3,-1
167;0;6,6,6,6,6,-1;2,3,1,4,0,-1
194;0;6,6,6,6,6,-1;0,2,3,1,4,-1
84;0;6,6,6,6,6,-1;0,2,4,3,1,-1
87;0;6,6,6,6,6,-1;4,2,0,1,3,-1
263;0;6,6,6,6,6,-1;3,4,1,2,0,-1
134;0;6,6,6,6,6,-1;0,2,1,4,3,-1
76;0;6,6,6,6,6,-1;2,3,4,0,1,-1
169;0;6,6,6,6,6,-1;0,1,4,3,2,-1
65;0;6,6,6,6,6,-1;3,0,2,4,1,-1
178;0;6,6,6,6,6,-1;2,4,3,0,1,-1
104;0;6,6,6,6,6,-1;3,0,2,1,4,-1
266;0;6,6,6,6,6,-1;4,0,2,1,3,-1
85;0;6,6,6,6,6,-1;1,3,4,0,2,-1
108;0;6,6,6,6,6,-1;3,4,2,1,0,-1
231;0;6,6,6,6,6,-1;0,3,4,1,2,-1
284;0;6,6,6,6,6,-1;4,3,1,2,0,-1
125;0;6,6,6,6,6,-1;0,1,4,3,2,-1
100;0;6,6,6,6,6,-1;0,3,1,4,2,-1
151;0;6,6,6,6,6,-1;3,1,0,2,4,-1
331;0;6,6,6,6,6,-1;2,4,0,3,1,-1
95;0;6,6,6,6,6,-1;3,1,4,0,2,-1
126;0;6,6,6,6,6,-1;3,1,2,4,0,-1
133;0;6,6,6,6,6,-1;0,3,4,2,1,-1
253;0;6,6,6,6,6,-1;3,0,1,2,4,-1
125;0;6,6,6,6,6,-1;3,1,4,2,0,-1
166;0;6,6,6,6,6,-1;4,2,0,3,1,-1
668;0;6,6,6,6,6,-1;0,3,1,4,2,-1
147;0;6,6,6,6,6,-1;3,4,0,2,1,-1
169;0;6,6,6,6,6,-1;4,1,2,3,0,-1
111;0;6,6,6,6,6,-1;2,0,1,4,3,-1
121;0;6,6,6,6,6,-1;4,0,1,2,3,-1
273;0;6,6,6,6,6,-1;1,2,3,4,0,-1
124;0;6,6,6,6,6,-1;3,1,2,4,0,-1
99;0;6,6,6,6,6,-1;2,4,1,3,0,-1
348;0;6,6,6,6,6,-1;1,0,2,4,3,-1
141;0;6,6,6,6,6,-1;2,3,4,0,1,-1
123;0;6,6,6,6,6,-1;0,4,1,3,2,-1
170;0;6,6,6,6,6,-1;3,2,1,0,4,-1
112;0;6,6,6,6,6,-1;2,1,0,4,3,-1
89;0;6,6,6,6,6,-1;0,4,1,2,3,-1
162;0;6,6,6,6,6,-1;1,0,2,3,4,-1
342;0;6,6,6,6,6,-1;2,0,4,3,1,-1
121;0;6,6,6,6,6,-1;0,4,2,3,1,-1
101;0;6,6,6,6,6,-1;4,0,3,1,2,-1
122;0;6,6,6,6,6,-1;2,3,0,4,1,-1
125;0;6,6,6,6,6,-1;0,3,1,2,4,-1
107;0;6,6,6,6,6,-1;0,2,1,4,3,-1
137;0;6,6,6,6,6,-1;1,3,0,4,2,-1
107;0;6,6,6,6,6,-1;2,4,1,3,0,-1
86;0;6,6,6,6,6,-1;4,1,3,2,0,-1
316;0;6,6,6,6,6,-1;1,3,0,4,2,-1
95;0;6,6,6,6,6,-1;0,2,1,3,4,-1
118;0;6,6,6,6,6,-1;3,2,1,0,4,-1
96;0;6,6,6,6,6,-1;0,3,2,1,4,-1
166;0;6,6,6,6,6,-1;1,4,3,2,0,-1
227;0;6,6,6,6,6,-1;1,3,4,0,2,-1
341;0;6,6,6,6,6,-1;3,2,1,4,0,-1
150;0;6,6,6,6,6,-1;4,2,1,3,0,-1
127;0;6,6,6,6,6,-1;4,2,3,1,0,-1
195;0;6,6,6,6,6,-1;1,0,3,4,2,-1
209;0;6,6,6,6,6,-1;0,4,2,1,3,-1
138;0;6,6,6,6,6,-1;1,2,0,4,3,-1
178;0;6,6,6,6,6,-1;0,2,4,1,3,-1
86;0;6,6,6,6,6,-1;1,2,4,3,0,-1
129;0;6,6,6,6,6,-1;0,1,2,4,3,-1
72;0;6,6,6,6,6,-1;1,3,4,2,0,-1
209;0;6,6,6,6,6,-1;0,4,2,3,1,-1
145;0;6,6,6,6,6,-1;2,1,3,4,0,-1
90;0;6,6,6,6,6,-1;0,1,2,4,3,-1
269;0;6,6,6,6,6,-1;4,1,3,2,0,-1
384;0;6,6,6,6,6,-1;3,2,4,0,1,-1
58;0;6,6,6,6,6,-1;1,3,4,2,0,-1
100;0;6,6,6,6,6,-1;1,3,2,4,0,-1
122;0;6,6,6,6,6,-1;0,1,4,3,2,-1
309;0;6,6,6,6,6,-1;2,0,3,4,1,-1
117;0;6,6,6,6,6,-1;2,3,1,4,0,-1
213;0;6,6,6,6,6,-1;0,1,4,2,3,-1
98;0;6,6,6,6,6,-1;4,0,1,3,2,-1
122;0;6,6,6,6,6,-1;2,0,3,1,4,-1
96;0;6,6,6,6,6,-1;3,0,4,1,2,-1
49;0;6,6,6,6,6,-1;2,3,1,4,0,-1
102;0;6,6,6,6,6,-1;0,2,4,1,3,-1
123;0;6,6,6,6,6,-1;4,3,1,2,0,-1
115;0;6,6,6,6,6,-1;0,1,3,4,2,-1
160;0;6,6,6,6,6,-1;1,4,0,2,3,-1
190;0;6,6,6,6,6,-1;1,0,4,3,2,-1
180;0;6,6,6,6,6,-1;3,1,2,4,0,-1
51;0;6,6,6,6,6,-1;0,4,2,3,1,-1
140;0;6,6,6,6,6,-1;3,2,1,4,0,-1
158;0;6,6,6,6,6,-1;3,1,4,2,0,-1
142;0;6,6,6,6,6,-1;1,2,3,0,4,-1
110;0;6,6,6,6,6,-1;2,3,1,4,0,-1
103;0;6,6,6,6,6,-1;1,2,4,3,0,-1
158;0;6,6,6,6,6,-1;3,1,0,2,4,-1
304;0;6,6,6,6,6,-1;1,4,2,3,0,-1
179;0;6,6,6,6,6,-1;3,4,1,2,0,-1
160;0;6,6,6,6,6,-1;3,0,4,1,2,-1
60;0;6,6,6,6,6,-1;1,0,4,3,2,-1
140;0;6,6,6,6,6,-1;2,0,4,3,1,-1
132;0;6,6,6,6,6,-1;3,1,4,0,2,-1
66;0;6,6,6,6,6,-1;3,0,2,1,4,-1
107;0;6,6,6,6,6,-1;3,0,2,1,4,-1
91;0;6,6,6,6,6,-1;2,4,0,3,1,-1
96;0;6,6,6,6,6,-1;2,0,3,4,1,-1
233;0;6,6,6,6,6,-1;2,4,1,0,3,-1
115;0;6,6,6,6,6,-1;4,0,3,1,2,-1
95;0;6,6,6,6,6,-1;4,0,3,1,2,-1
77;0;6,6,6,6,6,-1;0,2,1,3,4,-1
96;0;6,6,6,6,6,-1;4,1,2,3,0,-1
125;0;6,6,6,6,6,-1;4,3,1,2,0,-1
129;0;6,6,6,6,6,-1;1,4,0,3,2,-1
102;0;6,6,6,6,6,-1;4,0,2,3,1,-1
133;0;6,6,6,6,6,-1;4,0,2,1,3,-1
163;0;6,6,6,6,6,-1;3,0,4,2,1,-1
404;0;6,6,6,6,6,-1;4,3,1,0,2,-1
118;0;6,6,6,6,6,-1;1,3,4,0,2,-1
185;0;6,6,6,6,6,-1;1,4,3,2,0,-1
334;0;6,6,6,6,6,-1;0,4,3,1,2,-1
108;0;6,6,6,6,6,-1;2,0,3,4,1,-1
177;0;6,6,6,6,6,-1;2,1,4,3,0,-1
248;0;6,6,6,6,6,-1;4,1,2,3,0,-1
70;0;6,6,6,6,6,-1;1,2,0,3,4,-1
498;0;6,6,6,6,6,-1;4,3,1,0,2,-1
89;0;6,6,6,6,6,-1;0,4,1,3,2,-1
107;0;6,6,6,6,6,-1;3,2,4,0,1,-1
160;0;6,6,6,6,6,-1;3,1,0,4,2,-1
50;0;6,6,6,6,6,-1;4,1,2,0,3,-1
139;0;6,6,6,6,6,-1;3,0,1,4,2,-1
39;0;6,6,6,6,6,-1;4,2,0,1,3,-1
118;0;6,6,6,6,6,-1;0,2,4,1,3,-1
167;0;6,6,6,6,6,-1;1,2,0,3,4,-1
63;0;6,6,6,6,6,-1;0,2,3,1,4,-1
84;0;6,6,6,6,6,-1;3,2,4,0,1,-1
280;0;6,6,6,6,6,-1;1,2,0,3,4,-1
178;0;6,6,6,6,6,-1;1,4,2,3,0,-1
99;0;6,6,6,6,6,-1;3,4,2,0,1,-1
75;0;6,6,6,6,6,-1;0,1,3,4,2,-1
73;0;6,6,6,6,6,-1;2,1,0,3,4,-1
68;0;6,6,6,6,6,-1;4,0,1,3,2,-1
73;0;6,6,6,6,6,-1;1,3,2,4,0,-1
345;0;6,6,6,6,6,-1;0,2,4,1,3,-1
149;0;6,6,6,6,6,-1;1,2,3,0,4,-1
75;0;6,6,6,6,6,-1;1,4,3,0,2,-1
135;0;6,6,6,6,6,-1;4,3,2,0,1,-1
224;0;6,6,6,6,6,-1;0,2,3,1,4,-1
118;0;6,6,6,6,6,-1;1,3,0,2,4,-1
88;0;6,6,6,6,6,-1;1,2,0,4,3,-1
70;0;6,6,6,6,6,-1;3,1,0,4,2,-1
117;0;6,6,6,6,6,-1;0,3,2,1,4,-1
61;0;6,6,6,6,6,-1;2,0,1,3,4,-1
149;0;6,6,6,6,6,-1;0,3,2,4,1,-1
245;0;6,6,6,6,6,-1;4,2,0,1,3,-1
207;0;6,6,6,6,6,-1;2,4,0,1,3,-1
143;0;6,6,6,6,6,-1;0,2,1,3,4,-1
66;0;6,6,6,6,6,-1;2,3,4,0,1,-1
278;0;6,6,6,6,6,-1;0,4,2,1,3,-1
62;0;6,6,6,6,6,-1;4,2,0,3,1,-1
60;0;6,6,6,6,6,-1;2,4,0,1,3,-1
410;0;6,6,6,6,6,-1;3,4,1,2,0,-1
250;0;6,6,6,6,6,-1;1,0,2,3,4,-1
141;0;6,6,6,6,6,-1;1,3,2,4,0,-1
103;0;6,6,6,6,6,-1;2,4,0,3,1,-1
160;0;6,6,6,6,6,-1;2,4,0,1,3,-1
123;0;6,6,6,6,6,-1;4,2,1,3,0,-1
179;0;6,6,6,6,6,-1;3,0,4,1,2,-1
460;0;6,6,6,6,6,-1;3,2,0,4,1,-1
64;0;6,6,6,6,6,-1;4,2,0,1,3,-1
149;0;6,6,6,6,6,-1;3,2,0,1,4,-1
174;0;6,6,6,6,6,-1;0,1,4,2,3,-1
412;0;6,6,6,6,6,-1;2,3,0,1,4,-1
135;0;6,6,6,6,6,-1;3,0,1,2,4,-1
125;0;6,6,6,6,6,-1;0,2,4,3,1,-1
274;0;6,6,6,6,6,-1;3,1,2,4,0,-1
161;0;6,6,6,6,6,-1;2,1,3,4,0,-1
96;0;6,6,6,6,6,-1;0,3,2,4,1,-1
258;0;6,6,6,6,6,-1;1,2,4,3,0,-1
114;0;6,6,6,6,6,-1;1,2,4,3,0,-1
110;0;6,6,6,6,6,-1;4,1,2,0,3,-1
78;0;6,6,6,6,6,-1;2,4,0,1,3,-1
317;0;6,6,6,6,6,-1;2,3,0,1,4,-1
72;0;6,6,6,6,6,-1;3,4,1,2,0,-1
412;0;6,6,6,6,6,-1;0,2,4,3,1,-1
125;0;6,6,6,6,6,-1;4,1,2,0,3,-1
182;0;6,6,6,6,6,-1;1,0,2,4,3,-1
156;0;6,6,6,6,6,-1;2,3,1,4,0,-1
116;0;6,6,6,6,6,-1;1,3,4,0,2,-1
289;0;6,6,6,6,6,-1;0,2,3,1,4,-1
260;0;6,6,6,6,6,-1;0,3,4,1,2,-1
25;0;6,6,6,6,6,-1;3,4,0,2,1,-1
49;0;6,6,6,6,6,-1;0,3,1,2,4,-1
129;0;6,6,6,6,6,-1;0,3,2,1,4,-1
243;0;6,6,6,6,6,-1;3,2,1,0,4,-1
296;0;6,6,6,6,6,-1;3,2,4,1,0,-1
58;0;6,6,6,6,6,-1;3,1,4,0,2,-1
84;0;6,6,6,6,6,-1;0,4,2,3,1,-1
135;0;6,6,6,6,6,-1;4,2,3,0,1,-1
370;0;6,6,6,6,6,-1;2,3,0,1,4,-1
310;0;6,6,6,6,6,-1;3,0,1,4,2,-1
101;0;6,6,6,6,6,-1;0,3,1,2,4,-1
123;0;6,6,6,6,6,-1;3,1,4,0,2,-1
278;0;6,6,6,6,6,-1;0,3,2,1,4,-1
74;0;6,6,6,6,6,-1;3,4,1,2,0,-1
48;0;6,6,6,6,6,-1;4,0,3,1,2,-1
249;0;6,6,6,6,6,-1;2,1,0,4,3,-1
206;0;6,6,6,6,6,-1;0,4,2,3,1,-1
284;0;6,6,6,6,6,-1;1,2,3,0,4,-1
152;0;6,6,6,6,6,-1;1,3,2,4,0,-1
129;0;6,6,6,6,6,-1;2,1,3,0,4,-1
278;0;6,6,6,6,6,-1;4,2,3,0,1,-1
123;0;6,6,6,6,6,-1;2,3,4,1,0,-1
288;0;6,6,6,6,6,-1;1,4,0,3,2,-1
260;0;6,6,6,6,6,-1;0,4,3,2,1,-1
67;0;6,6,6,6,6,-1;2,1,4,0,3,-1
174;0;6,6,6,6,6,-1;3,0,1,4,2,-1
66;0;6,6,6,6,6,-1;2,4,1,0,3,-1
201;0;6,6,6,6,6,-1;0,1,2,4,3,-1
405;0;6,6,6,6,6,-1;1,4,3,2,0,-1
215;0;6,6,6,6,6,-1;0,3,4,2,1,-1
183;0;6,6,6,6,6,-1;2,4,3,1,0,-1
229;0;6,6,6,6,6,-1;2,4,3,1,0,-1
282;0;6,6,6,6,6,-1;3,2,0,4,1,-1
72;0;6,6,6,6,6,-1;0,1,4,2,3,-1
121;0;6,6,6,6,6,-1;3,1,0,2,4,-1
82;0;6,6,6,6,6,-1;4,0,1,3,2,-1
117;0;6,6,6,6,6,-1;1,4,2,0,3,-1
87;0;6,6,6,6,6,-1;2,4,1,3,0,-1
177;0;6,6,6,6,6,-1;3,2,0,1,4,-1
72;0;6,6,6,6,6,-1;1,4,2,0,3,-1
244;0;6,6,6,6,6,-1;3,2,0,1,4,-1
144;0;6,6,6,6,6,-1;4,3,0,2,1,-1
126;0;6,6,6,6,6,-1;1,2,3,0,4,-1
227;0;6,6,6,6,6,-1;3,4,1,2,0,-1
217;0;6,6,6,6,6,-1;3,4,0,2,1,-1
276;0;6,6,6,6,6,-1;2,4,1,3,0,-1
118;0;6,6,6,6,6,-1;0,4,3,2,1,-1
152;0;6,6,6,6,6,-1;2,0,3,4,1,-1
230;0;6,6,6,6,6,-1;1,2,0,3,4,-1
180;0;6,6,6,6,6,-1;3,2,0,1,4,-1
78;0;6,6,6,6,6,-1;2,1,3,0,4,-1
173;0;6,6,6,6,6,-1;0,1,3,4,2,-1
253;0;6,6,6,6,6,-1;1,3,4,0,2,-1
160;0;6,6,6,6,6,-1;3,1,4,0,2,-1
70;0;6,6,6,6,6,-1;3,0,1,2,4,-1
195;0;6,6,6,6,6,-1;3,2,4,1,0,-1
156;0;6,6,6,6,6,-1;4,3,2,1,0,-1
147;0;6,6,6,6,6,-1;1,3,4,2,0,-1
427;0;6,6,6,6,6,-1;4,1,3,0,2,-1
249;0;6,6,6,6,6,-1;0,2,1,3,4,-1
442;0;6,6,6,6,6,-1;1,3,2,4,0,-1
124;0;6,6,6,6,6,-1;0,2,4,1,3,-1
118;0;6,6,6,6,6,-1;2,1,0,4,3,-1
106;0;6,6,6,6,6,-1;0,3,4,1,2,-1
129;0;6,6,6,6,6,-1;2,3,4,0,1,-1
162;0;6,6,6,6,6,-1;1,3,0,2,4,-1
114;0;6,6,6,6,6,-1;2,1,3,0,4,-1
50;0;6,6,6,6,6,-1;1,3,4,2,0,-1
169;0;6,6,6,6,6,-1;2,4,3,1,0,-1
279;0;6,6,6,6,6,-1;2,3,0,4,1,-1
673;0;6,6,6,6,6,-1;1,3,4,2,0,-1
135;0;6,6,6,6,6,-1;3,0,4,2,1,-1
258;0;6,6,6,6,6,-1;0,2,4,3,1,-1
126;0;6,6,6,6,6,-1;3,0,1,2,4,-1
110;0;6,6,6,6,6,-1;0,2,4,1,3,-1
94;0;6,6,6,6,6,-1;1,2,3,0,4,-1
71;0;6,6,6,6,6,-1;1,0,2,3,4,-1
57;0;6,6,6,6,6,-1;0,2,1,3,4,-1
416;0;6,6,6,6,6,-1;1,4,0,3,2,-1
276;0;6,6,6,6,6,-1;0,3,4,1,2,-1
124;0;6,6,6,6,6,-1;0,4,1,2,3,-1
82;0;6,6,6,6,6,-1;4,0,3,1,2,-1
110;0;6,6,6,6,6,-1;2,0,4,1,3,-1
52;0;6,6,6,6,6,-1;2,1,0,4,3,-1
111;0;6,6,6,6,6,-1;3,2,1,0,4,-1
573;0;6,6,6,6,6,-1;0,2,1,3,4,-1
300;0;6,6,6,6,6,-1;3,4,1,0,2,-1
130;0;6,6,6,6,6,-1;3,2,0,1,4,-1
162;0;6,6,6,6,6,-1;0,3,2,1,4,-1
309;0;6,6,6,6,6,-1;0,2,4,3,1,-1
137;0;6,6,6,6,6,-1;3,0,2,1,4,-1
186;0;6,6,6,6,6,-1;1,2,0,3,4,-1
69;0;6,6,6,6,6,-1;2,3,0,4,1,-1
110;0;6,6,6,6,6,-1;2,1,0,3,4,-1
60;0;6,6,6,6,6,-1;2,4,1,0,3,-1
99;0;6,6,6,6,6,-1;4,2,1,3,0,-1
96;0;6,6,6,6,6,-1;2,0,1,3,4,-1
97;0;6,6,6,6,6,-1;1,2,3,0,4,-1
82;0;6,6,6,6,6,-1;0,2,3,1,4,-1
134;0;6,6,6,6,6,-1;1,0,2,4,3,-1
131;0;6,6,6,6,6,-1;4,2,3,0,1,-1
401;0;6,6,6,6,6,-1;3,4,1,0,2,-1
217;0;6,6,6,6,6,-1;0,2,4,3,1,-1
280;0;6,6,6,6,6,-1;2,3,4,0,1,-1
138;0;6,6,6,6,6,-1;1,4,2,3,0,-1
85;0;6,6,6,6,6,-1;2,3,4,0,1,-1
91;0;6,6,6,6,6,-1;0,2,4,3,1,-1
262;0;6,6,6,6,6,-1;4,1,2,0,3,-1
382;0;6,6,6,6,6,-1;2,3,4,1,0,-1
102;0;6,6,6,6,6,-1;0,4,3,2,1,-1
99;0;6,6,6,6,6,-1;2,0,3,1,4,-1
152;0;6,6,6,6,6,-1;3,2,4,1,0,-1
124;0;6,6,6,6,6,-1;0,3,1,2,4,-1
48;0;6,6,6,6,6,-1;2,3,4,1,0,-1
67;0;6,6,6,6,6,-1;2,1,0,3,4,-1
47;0;6,6,6,6,6,-1;1,0,2,4,3,-1
188;0;6,6,6,6,6,-1;0,4,3,1,2,-1
114;0;6,6,6,6,6,-1;4,2,0,3,1,-1
84;0;6,6,6,6,6,-1;4,2,1,3,0,-1
274;0;6,6,6,6,6,-1;1,3,2,4,0,-1
71;0;6,6,6,6,6,-1;4,2,0,3,1,-1
115;0;6,6,6,6,6,-1;0,3,4,2,1,-1
106;0;6,6,6,6,6,-1;4,1,0,3,2,-1
300;0;6,6,6,6,6,-1;4,0,3,2,1,-1
115;0;6,6,6,6,6,-1;2,3,1,4,0,-1
202;0;6,6,6,6,6,-1;4,0,1,2,3,-1
95;0;6,6,6,6,6,-1;3,1,2,0,4,-1
81;0;6,6,6,6,6,-1;2,3,1,4,0,-1
107;0;6,6,6,6,6,-1;1,2,0,3,4,-1
119;0;6,6,6,6,6,-1;3,2,0,4,1,-1
241;0;6,6,6,6,6,-1;2,3,4,0,1,-1
137;0;6,6,6,6,6,-1;2,3,4,1,0,-1
65;0;6,6,6,6,6,-1;1,4,0,3,2,-1
177;0;6,6,6,6,6,-1;3,1,2,4,0,-1
139;0;6,6,6,6,6,-1;1,4,3,0,2,-1
115;0;6,6,6,6,6,-1;0,3,2,1,4,-1
210;0;6,6,6,6,6,-1;1,2,0,3,4,-1
128;0;6,6,6,6,6,-1;2,3,0,1,4,-1
113;0;6,6,6,6,6,-1;1,2,4,0,3,-1
94;0;6,6,6,6,6,-1;1,0,3,4,2,-1
65;0;6,6,6,6,6,-1;2,4,1,3,0,-1
170;0;6,6,6,6,6,-1;4,1,3,2,0,-1
187;0;6,6,6,6,6,-1;4,2,3,1,0,-1
104;0;6,6,6,6,6,-1;1,3,4,2,0,-1
34;0;6,6,6,6,6,-1;3,4,2,1,0,-1
263;0;6,6,6,6,6,-1;4,0,2,3,1,-1
115;0;6,6,6,6,6,-1;2,3,0,1,4,-1
460;0;6,6,6,6,6,-1;4,1,3,0,2,-1
187;0;6,6,6,6,6,-1;0,2,1,4,3,-1
99;0;6,6,6,6,6,-1;4,2,1,3,0,-1
88;0;6,6,6,6,6,-1;1,2,4,3,0,-1
521;0;6,6,6,6,6,-1;2,3,1,0,4,-1
251;0;6,6,6,6,6,-1;2,3,0,1,4,-1
30;0;6,6,6,6,6,-1;2,1,3,0,4,-1
162;0;6,6,6,6,6,-1;0,3,4,2,1,-1
87;0;6,6,6,6,6,-1;4,1,2,3,0,-1
166;0;6,6,6,6,6,-1;2,3,0,4,1,-1
154;0;6,6,6,6,6,-1;0,2,1,4,3,-1
76;0;6,6,6,6,6,-1;1,2,0,4,3,-1
77;0;6,6,6,6,6,-1;3,0,4,1,2,-1
131;0;6,6,6,6,6,-1;0,4,3,2,1,-1
104;0;6,6,6,6,6,-1;3,2,0,4,1,-1
103;0;6,6,6,6,6,-1;3,0,4,1,2,-1
191;0;6,6,6,6,6,-1;2,4,1,0,3,-1
533;0;6,6,6,6,6,-1;3,4,2,0,1,-1
55;0;6,6,6,6,6,-1;0,3,1,4,2,-1
191;0;6,6,6,6,6,-1;4,2,1,3,0,-1
251;0;6,6,6,6,6,-1;0,3,4,1,2,-1
120;0;6,6,6,6,6,-1;1,4,2,0,3,-1
80;0;6,6,6,6,6,-1;0,3,1,4,2,-1
56;0;6,6,6,6,6,-1;4,2,1,0,3,-1
61;0;6,6,6,6,6,-1;1,3,0,4,2,-1
197;0;6,6,6,6,6,-1;3,0,4,2,1,-1
143;0;6,6,6,6,6,-1;3,1,2,0,4,-1
103;0;6,6,6,6,6,-1;2,0,4,3,1,-1
133;0;6,6,6,6,6,-1;4,0,1,3,2,-1
117;0;6,6,6,6,6,-1;1,2,4,0,3,-1
209;0;6,6,6,6,6,-1;0,1,4,2,3,-1
100;0;6,6,6,6,6,-1;1,2,0,3,4,-1
506;0;6,6,6,6,6,-1;3,4,2,1,0,-1
193;0;6,6,6,6,6,-1;0,2,1,4,3,-1
129;0;6,6,6,6,6,-1;3,2,1,4,0,-1
94;0;6,6,6,6,6,-1;4,1,0,3,2,-1
290;0;6,6,6,6,6,-1;0,1,3,4,2,-1
108;0;6,6,6,6,6,-1;3,0,2,1,4,-1
63;0;6,6,6,6,6,-1;4,3,1,0,2,-1
176;0;6,6,6,6,6,-1;4,2,3,0,1,-1
38;0;6,6,6,6,6,-1;0,4,3,2,1,-1
298;0;6,6,6,6,6,-1;4,0,3,2,1,-1
151;0;6,6,6,6,6,-1;0,2,4,3,1,-1
354;0;6,6,6,6,6,-1;1,0,4,2,3,-1
73;0;6,6,6,6,6,-1;3,4,0,2,1,-1
106;0;6,6,6,6,6,-1;1,3,4,0,2,-1
128;0;6,6,6,6,6,-1;0,3,2,1,4,-1
190;0;6,6,6,6,6,-1;2,4,3,1,0,-1
121;0;6,6,6,6,6,-1;0,4,3,2,1,-1
241;0;6,6,6,6,6,-1;4,1,0,3,2,-1
174;0;6,6,6,6,6,-1;4,2,3,0,1,-1
102;0;6,6,6,6,6,-1;3,4,1,2,0,-1
220;0;6,6,6,6,6,-1;0,2,4,3,1,-1
277;0;6,6,6,6,6,-1;2,3,0,4,1,-1
138;0;6,6,6,6,6,-1;0,2,4,1,3,-1
563;0;6,6,6,6,6,-1;4,3,0,1,2,-1
59;0;6,6,6,6,6,-1;1,2,3,4,0,-1
212;0;6,6,6,6,6,-1;2,4,3,0,1,-1
107;0;6,6,6,6,6,-1;1,2,0,4,3,-1
287;0;6,6,6,6,6,-1;1,4,3,2,0,-1
131;0;6,6,6,6,6,-1;1,2,0,3,4,-1
131;0;6,6,6,6,6,-1;0,4,2,3,1,-1
122;0;6,6,6,6,6,-1;0,1,2,4,3,-1
386;0;6,6,6,6,6,-1;2,3,1,0,4,-1
309;0;6,6,6,6,6,-1;1,4,3,2,0,-1
70;0;6,6,6,6,6,-1;0,4,1,2,3,-1
274;0;6,6,6,6,6,-1;0,3,1,2,4,-1
185;0;6,6,6,6,6,-1;3,0,1,2,4,-1
164;0;6,6,6,6,6,-1;4,0,1,2,3,-1
356;0;6,6,6,6,6,-1;1,0,4,3,2,-1
183;0;6,6,6,6,6,-1;1,0,2,4,3,-1
107;0;6,6,6,6,6,-1;4,3,0,1,2,-1
91;0;6,6,6,6,6,-1;1,4,3,0,2,-1
59;0;6,6,6,6,6,-1;3,4,0,1,2,-1
69;0;6,6,6,6,6,-1;4,1,3,0,2,-1
94;0;6,6,6,6,6,-1;4,1,0,3,2,-1
117;0;6,6,6,6,6,-1;0,2,1,3,4,-1
77;0;6,6,6,6,6,-1;2,3,1,0,4,-1
145;0;6,6,6,6,6,-1;2,1,4,0,3,-1
475;0;6,6,6,6,6,-1;3,2,1,0,4,-1
41;0;6,6,6,6,6,-1;1,2,0,3,4,-1
84;0;6,6,6,6,6,-1;2,1,3,4,0,-1
426;0;6,6,6,6,6,-1;2,0,4,1,3,-1
77;0;6,6,6,6,6,-1;3,0,1,4,2,-1
96;0;6,6,6,6,6,-1;3,0,2,1,4,-1
124;0;6,6,6,6,6,-1;3,2,4,0,1,-1
133;0;6,6,6,6,6,-1;3,1,4,2,0,-1
222;0;6,6,6,6,6,-1;1,2,3,4,0,-1
70;0;6,6,6,6,6,-1;2,0,4,3,1,-1
150;0;6,6,6,6,6,-1;1,4,2,3,0,-1
58;0;6,6,6,6,6,-1;2,0,1,3,4,-1
479;0;6,6,6,6,6,-1;2,3,0,4,1,-1
66;0;6,6,6,6,6,-1;4,2,1,3,0,-1
353;0;6,6,6,6,6,-1;0,2,4,1,3,-1
134;0;6,6,6,6,6,-1;2,4,3,1,0,-1
45;0;6,6,6,6,6,-1;1,2,4,3,0,-1
159;0;6,6,6,6,6,-1;1,0,2,4,3,-1
44;0;6,6,6,6,6,-1;4,0,1,3,2,-1
105;0;6,6,6,6,6,-1;0,2,3,1,4,-1
86;0;6,6,6,6,6,-1;0,3,1,4,2,-1
271;0;6,6,6,6,6,-1;4,0,1,3,2,-1
123;0;6,6,6,6,6,-1;1,4,0,2,3,-1
226;0;6,6,6,6,6,-1;1,4,0,3,2,-1
121;0;6,6,6,6,6,-1;0,3,1,4,2,-1
117;0;6,6,6,6,6,-1;0,4,3,2,1,-1
148;0;6,6,6,6,6,-1;0,2,4,1,3,-1
203;0;6,6,6,6,6,-1;4,3,1,2,0,-1
90;0;6,6,6,6,6,-1;0,1,3,4,2,-1
173;0;6,6,6,6,6,-1;3,2,0,4,1,-1
119;0;6,6,6,6,6,-1;1,0,3,4,2,-1
115;0;6,6,6,6,6,-1;2,4,1,0,3,-1
113;0;6,6,6,6,6,-1;2,3,1,4,0,-1
171;0;6,6,6,6,6,-1;4,1,3,0,2,-1
275;0;6,6,6,6,6,-1;1,2,4,3,0,-1
59;0;6,6,6,6,6,-1;3,4,0,2,1,-1
72;0;6,6,6,6,6,-1;3,0,1,4,2,-1
220;0;6,6,6,6,6,-1;3,1,4,2,0,-1
158;0;6,6,6,6,6,-1;4,2,0,1,3,-1
191;0;6,6,6,6,6,-1;4,0,1,3,2,-1
118;0;6,6,6,6,6,-1;2,1,4,3,0,-1
335;0;6,6,6,6,6,-1;2,3,4,0,1,-1
58;0;6,6,6,6,6,-1;4,2,1,3,0,-1
320;0;6,6,6,6,6,-1;3,4,1,0,2,-1
123;0;6,6,6,6,6,-1;3,4,0,2,1,-1
222;0;6,6,6,6,6,-1;2,0,3,1,4,-1
66;0;6,6,6,6,6,-1;3,1,0,4,2,-1
111;0;6,6,6,6,6,-1;4,2,1,3,0,-1
142;0;6,6,6,6,6,-1;3,0,2,4,1,-1
250;0;6,6,6,6,6,-1;4,2,3,0,1,-1
106;0;6,6,6,6,6,-1;0,1,2,3,4,-1
176;0;6,6,6,6,6,-1;0,4,2,1,3,-1
106;0;6,6,6,6,6,-1;3,0,2,4,1,-1
288;0;6,6,6,6,6,-1;4,1,3,2,0,-1
130;0;6,6,6,6,6,-1;3,2,4,1,0,-1
125;0;6,6,6,6,6,-1;1,0,3,2,4,-1
87;0;6,6,6,6,6,-1;4,2,1,3,0,-1
74;0;6,6,6,6,6,-1;2,4,0,1,3,-1
168;0;6,6,6,6,6,-1;2,4,0,3,1,-1
302;0;6,6,6,6,6,-1;1,2,0,3,4,-1
150;0;6,6,6,6,6,-1;1,0,4,2,3,-1
125;0;6,6,6,6,6,-1;1,2,3,4,0,-1
72;0;6,6,6,6,6,-1;0,4,3,2,1,-1
73;0;6,6,6,6,6,-1;0,3,1,4,2,-1
114;0;6,6,6,6,6,-1;3,1,2,0,4,-1
83;0;6,6,6,6,6,-1;1,0,2,4,3,-1
117;0;6,6,6,6,6,-1;2,4,3,0,1,-1
299;0;6,6,6,6,6,-1;3,2,1,0,4,-1
47;0;6,6,6,6,6,-1;3,4,2,0,1,-1
99;0;6,6,6,6,6,-1;3,0,2,4,1,-1
51;0;6,6,6,6,6,-1;4,2,3,0,1,-1
313;0;6,6,6,6,6,-1;0,4,1,3,2,-1
84;0;6,6,6,6,6,-1;1,3,2,0,4,-1
293;0;6,6,6,6,6,-1;0,4,3,2,1,-1
92;0;6,6,6,6,6,-1;3,4,2,1,0,-1
61;0;6,6,6,6,6,-1;0,3,4,1,2,-1
231;0;6,6,6,6,6,-1;2,0,4,1,3,-1
276;0;6,6,6,6,6,-1;2,4,3,1,0,-1
244;0;6,6,6,6,6,-1;0,2,3,1,4,-1
172;0;6,6,6,6,6,-1;2,1,4,3,0,-1
131;0;6,6,6,6,6,-1;1,0,4,3,2,-1
71;0;6,6,6,6,6,-1;2,4,3,0,1,-1
64;0;6,6,6,6,6,-1;0,3,4,1,2,-1
151;0;6,6,6,6,6,-1;1,2,0,3,4,-1
86;0;6,6,6,6,6,-1;2,4,0,1,3,-1
212;0;6,6,6,6,6,-1;3,1,0,4,2,-1
240;0;6,6,6,6,6,-1;0,4,3,2,1,-1
208;0;6,6,6,6,6,-1;2,3,4,1,0,-1
172;0;6,6,6,6,6,-1;4,2,3,0,1,-1
187;0;6,6,6,6,6,-1;1,2,4,3,0,-1
33;0;6,6,6,6,6,-1;1,4,3,2,0,-1
57;0;6,6,6,6,6,-1;2,4,3,0,1,-1
288;0;6,6,6,6,6,-1;4,3,2,1,0,-1
95;0;6,6,6,6,6,-1;3,1,2,0,4,-1
72;0;6,6,6,6,6,-1;1,0,4,2,3,-1
73;0;6,6,6,6,6,-1;3,0,4,2,1,-1
164;0;6,6,6,6,6,-1;0,3,4,1,2,-1
101;0;6,6,6,6,6,-1;0,4,2,3,1,-1
399;0;6,6,6,6,6,-1;0,1,2,3,4,-1
111;0;6,6,6,6,6,-1;1,2,3,0,4,-1
310;0;6,6,6,6,6,-1;3,1,0,2,4,-1
54;0;6,6,6,6,6,-1;1,2,0,3,4,-1
152;0;6,6,6,6,6,-1;1,2,0,3,4,-1
98;0;6,6,6,6,6,-1;4,2,0,1,3,-1
141;0;6,6,6,6,6,-1;0,1,2,4,3,-1
96;0;6,6,6,6,6,-1;2,0,1,4,3,-1
67;0;6,6,6,6,6,-1;3,1,4,0,2,-1
265;0;6,6,6,6,6,-1;1,3,0,4,2,-1
259;0;6,6,6,6,6,-1;0,4,1,3,2,-1
86;0;6,6,6,6,6,-1;3,0,4,2,1,-1
81;0;6,6,6,6,6,-1;3,1,0,2,4,-1
172;0;6,6,6,6,6,-1;4,3,1,0,2,-1
47;0;6,6,6,6,6,-1;0,4,2,3,1,-1
173;0;6,6,6,6,6,-1;4,0,2,1,3,-1
120;0;6,6,6,6,6,-1;2,1,3,4,0,-1
92;0;6,6,6,6,6,-1;3,4,0,1,2,-1
73;0;6,6,6,6,6,-1;0,2,1,4,3,-1
93;0;6,6,6,6,6,-1;2,4,3,1,0,-1
367;0;6,6,6,6,6,-1;2,0,3,1,4,-1
388;0;6,6,6,6,6,-1;0,1,4,3,2,-1
103;0;6,6,6,6,6,-1;1,3,0,2,4,-1
191;0;6,6,6,6,6,-1;0,1,2,3,4,-1
124;0;6,6,6,6,6,-1;1,3,2,4,0,-1
143;0;6,6,6,6,6,-1;0,1,3,4,2,-1
71;0;6,6,6,6,6,-1;0,3,4,2,1,-1
98;0;6,6,6,6,6,-1;2,0,1,4,3,-1
536;0;6,6,6,6,6,-1;0,1,2,3,4,-1
150;0;6,6,6,6,6,-1;3,4,2,1,0,-1
136;0;6,6,6,6,6,-1;0,3,1,2,4,-1
197;0;6,6,6,6,6,-1;1,4,3,2,0,-1
271;0;6,6,6,6,6,-1;4,1,2,3,0,-1
195;0;6,6,6,6,6,-1;1,2,0,4,3,-1
76;0;6,6,6,6,6,-1;1,4,2,0,3,-1
95;0;6,6,6,6,6,-1;1,0,2,3,4,-1
314;0;6,6,6,6,6,-1;1,2,4,0,3,-1
77;0;6,6,6,6,6,-1;2,4,1,0,3,-1
61;0;6,6,6,6,6,-1;2,4,3,1,0,-1
245;0;6,6,6,6,6,-1;0,1,3,4,2,-1
296;0;6,6,6,6,6,-1;1,4,3,2,0,-1
104;0;6,6,6,6,6,-1;3,4,1,0,2,-1
196;0;6,6,6,6,6,-1;0,3,2,4,1,-1
144;0;6,6,6,6,6,-1;0,4,2,3,1,-1
264;0;6,6,6,6,6,-1;3,4,1,2,0,-1
59;0;6,6,6,6,6,-1;1,4,0,3,2,-1
369;0;6,6,6,6,6,-1;3,1,4,2,0,-1
104;0;6,6,6,6,6,-1;0,3,1,4,2,-1
98;0;6,6,6,6,6,-1;0,1,3,2,4,-1
71;0;6,6,6,6,6,-1;1,3,0,4,2,-1
105;0;6,6,6,6,6,-1;0,2,4,3,1,-1
139;0;6,6,6,6,6,-1;4,2,3,1,0,-1
173;0;6,6,6,6,6,-1;3,0,1,2,4,-1
70;0;6,6,6,6,6,-1;1,4,3,2,0,-1
80;0;6,6,6,6,6,-1;2,4,3,0,1,-1
148;0;6,6,6,6,6,-1;3,1,2,0,4,-1
274;0;6,6,6,6,6,-1;1,4,0,3,2,-1
125;0;6,6,6,6,6,-1;1,3,4,0,2,-1
86;0;6,6,6,6,6,-1;1,3,2,0,4,-1
58;0;6,6,6,6,6,-1;2,3,1,0,4,-1
152;0;6,6,6,6,6,-1;0,3,4,1,2,-1
288;0;6,6,6,6,6,-1;1,3,4,0,2,-1
214;0;6,6,6,6,6,-1;0,4,1,2,3,-1
206;0;6,6,6,6,6,-1;1,4,2,3,0,-1
437;0;6,6,6,6,6,-1;1,2,4,3,0,-1
60;0;6,6,6,6,6,-1;3,0,1,4,2,-1
116;0;6,6,6,6,6,-1;3,2,1,4,0,-1
146;0;6,6,6,6,6,-1;1,4,0,3,2,-1
433;0;6,6,6,6,6,-1;1,0,2,4,3,-1
200;0;6,6,6,6,6,-1;3,1,2,4,0,-1
292;0;6,6,6,6,6,-1;1,4,3,0,2,-1
120;0;6,6,6,6,6,-1;1,4,2,0,3,-1
64;0;6,6,6,6,6,-1;1,0,2,3,4,-1
315;0;6,6,6,6,6,-1;4,0,3,2,1,-1
90;0;6,6,6,6,6,-1;3,4,0,2,1,-1
124;0;6,6,6,6,6,-1;1,0,3,2,4,-1
102;0;6,6,6,6,6,-1;1,4,2,3,0,-1
228;0;6,6,6,6,6,-1;1,2,0,3,4,-1
368;0;6,6,6,6,6,-1;2,3,4,1,0,-1
118;0;6,6,6,6,6,-1;0,2,1,3,4,-1
82;0;6,6,6,6,6,-1;2,0,1,3,4,-1
49;0;6,6,6,6,6,-1;4,0,2,1,3,-1
90;0;6,6,6,6,6,-1;0,3,1,2,4,-1
138;0;6,6,6,6,6,-1;1,4,0,2,3,-1
29;0;6,6,6,6,6,-1;0,1,3,4,2,-1
201;0;6,6,6,6,6,-1;4,1,3,0,2,-1
110;0;6,6,6,6,6,-1;1,2,0,4,3,-1
211;0;6,6,6,6,6,-1;0,4,3,1,2,-1
325;0;6,6,6,6,6,-1;4,2,3,0,1,-1
117;0;6,6,6,6,6,-1;2,3,4,1,0,-1
107;0;6,6,6,6,6,-1;4,3,0,1,2,-1
154;0;6,6,6,6,6,-1;2,4,3,0,1,-1
110;0;6,6,6,6,6,-1;4,0,3,2,1,-1
65;0;6,6,6,6,6,-1;4,2,3,0,1,-1
114;0;6,6,6,6,6,-1;0,2,4,1,3,-1
86;0;6,6,6,6,6,-1;0,4,1,2,3,-1
90;0;6,6,6,6,6,-1;3,4,0,2,1,-1
124;0;6,6,6,6,6,-1;4,0,2,3,1,-1
73;0;6,6,6,6,6,-1;0,3,2,4,1,-1
173;0;6,6,6,6,6,-1;2,0,1,4,3,-1
361;0;6,6,6,6,6,-1;0,4,3,1,2,-1
109;0;6,6,6,6,6,-1;1,3,4,0,2,-1
96;0;6,6,6,6,6,-1;3,4,1,2,0,-1
113;0;6,6,6,6,6,-1;1,2,4,0,3,-1
326;0;6,6,6,6,6,-1;3,2,0,4,1,-1
71;0;6,6,6,6,6,-1;1,0,3,4,2,-1
186;0;6,6,6,6,6,-1;4,1,3,2,0,-1
109;0;6,6,6,6,6,-1;3,0,4,1,2,-1
123;0;6,6,6,6,6,-1;0,3,1,4,2,-1
112;0;6,6,6,6,6,-1;2,3,0,4,1,-1
223;0;6,6,6,6,6,-1;2,0,4,3,1,-1
62;0;6,6,6,6,6,-1;2,1,3,4,0,-1
105;0;6,6,6,6,6,-1;2,4,0,1,3,-1
108;0;6,6,6,6,6,-1;0,1,3,2,4,-1
240;0;6,6,6,6,6,-1;1,2,0,4,3,-1
85;0;6,6,6,6,6,-1;3,0,4,1,2,-1
182;0;6,6,6,6,6,-1;0,2,3,4,1,-1
212;0;6,6,6,6,6,-1;4,2,1,0,3,-1
133;0;6,6,6,6,6,-1;0,4,1,3,2,-1
219;0;6,6,6,6,6,-1;3,2,0,1,4,-1
88;0;6,6,6,6,6,-1;3,4,2,0,1,-1
44;0;6,6,6,6,6,-1;3,4,2,1,0,-1
150;0;6,6,6,6,6,-1;0,4,2,1,3,-1
103;0;6,6,6,6,6,-1;2,0,4,3,1,-1
109;0;6,6,6,6,6,-1;0,2,1,4,3,-1
159;0;6,6,6,6,6,-1;1,0,4,3,2,-1
510;0;6,6,6,6,6,-1;0,1,3,4,2,-1
137;0;6,6,6,6,6,-1;4,3,1,2,0,-1
105;0;6,6,6,6,6,-1;2,1,4,3,0,-1
152;0;6,6,6,6,6,-1;3,4,2,1,0,-1
288;0;6,6,6,6,6,-1;1,2,3,0,4,-1
90;0;6,6,6,6,6,-1;1,4,2,3,0,-1
221;0;6,6,6,6,6,-1;0,3,1,2,4,-1
137;0;6,6,6,6,6,-1;3,1,4,0,2,-1
206;0;6,6,6,6,6,-1;2,1,4,0,3,-1
94;0;6,6,6,6,6,-1;4,1,0,2,3,-1
221;0;6,6,6,6,6,-1;1,4,3,0,2,-1
83;0;6,6,6,6,6,-1;1,2,0,3,4,-1
129;0;6,6,6,6,6,-1;1,2,3,0,4,-1
263;0;6,6,6,6,6,-1;4,1,0,2,3,-1
204;0;6,6,6,6,6,-1;2,3,0,4,1,-1
251;0;6,6,6,6,6,-1;0,1,2,4,3,-1
88;0;6,6,6,6,6,-1;4,2,0,3,1,-1
108;0;6,6,6,6,6,-1;0,2,3,4,1,-1
150;0;6,6,6,6,6,-1;1,0,3,2,4,-1
67;0;6,6,6,6,6,-1;1,2,4,0,3,-1
418;0;6,6,6,6,6,-1;0,3,4,1,2,-1
113;0;6,6,6,6,6,-1;2,3,0,1,4,-1
216;0;6,6,6,6,6,-1;1,4,0,3,2,-1
91;0;6,6,6,6,6,-1;0,4,2,3,1,-1
84;0;6,6,6,6,6,-1;0,3,1,2,4,-1
109;0;6,6,6,6,6,-1;2,4,1,3,0,-1
133;0;6,6,6,6,6,-1;3,4,2,1,0,-1
136;0;6,6,6,6,6,-1;2,0,4,1,3,-1
164;0;6,6,6,6,6,-1;4,0,1,2,3,-1
201;0;6,6,6,6,6,-1;4,2,3,1,0,-1
164;0;6,6,6,6,6,-1;0,2,4,1,3,-1
209;0;6,6,6,6,6,-1;2,1,0,4,3,-1
39;0;6,6,6,6,6,-1;3,1,0,2,4,-1
122;0;6,6,6,6,6,-1;3,0,2,4,1,-1
41;0;6,6,6,6,6,-1;1,3,4,0,2,-1
176;0;6,6,6,6,6,-1;2,4,1,3,0,-1
238;0;6,6,6,6,6,-1;1,0,3,4,2,-1
293;0;6,6,6,6,6,-1;0,4,1,3,2,-1
117;0;6,6,6,6,6,-1;0,4,2,3,1,-1
338;0;6,6,6,6,6,-1;1,3,0,4,2,-1
143;0;6,6,6,6,6,-1;3,1,0,2,4,-1
290;0;6,6,6,6,6,-1;4,1,0,3,2,-1
173;0;6,6,6,6,6,-1;4,2,1,3,0,-1
114;0;6,6,6,6,6,-1;1,0,4,3,2,-1
295;0;6,6,6,6,6,-1;4,0,3,2,1,-1
104;0;6,6,6,6,6,-1;1,3,2,4,0,-1
105;0;6,6,6,6,6,-1;1,3,4,0,2,-1
197;0;6,6,6,6,6,-1;3,4,2,1,0,-1
54;0;6,6,6,6,6,-1;2,4,1,3,0,-1
158;0;6,6,6,6,6,-1;2,1,3,4,0,-1
406;0;6,6,6,6,6,-1;3,1,0,4,2,-1
87;0;6,6,6,6,6,-1;2,3,4,1,0,-1
309;0;6,6,6,6,6,-1;1,2,4,3,0,-1
301;0;6,6,6,6,6,-1;2,0,1,3,4,-1
211;0;6,6,6,6,6,-1;4,0,1,2,3,-1
214;0;6,6,6,6,6,-1;2,4,3,1,0,-1
84;0;6,6,6,6,6,-1;0,1,3,2,4,-1
76;0;6,6,6,6,6,-1;0,2,4,3,1,-1
42;0;6,6,6,6,6,-1;0,4,1,2,3,-1
489;0;6,6,6,6,6,-1;0,3,4,1,2,-1
72;0;6,6,6,6,6,-1;2,0,4,1,3,-1
92;0;6,6,6,6,6,-1;2,4,1,0,3,-1
237;0;6,6,6,6,6,-1;4,2,0,1,3,-1
31;0;6,6,6,6,6,-1;0,2,3,1,4,-1
132;0;6,6,6,6,6,-1;4,3,2,1,0,-1
147;0;6,6,6,6,6,-1;2,3,4,0,1,-1
98;0;6,6,6,6,6,-1;3,0,1,2,4,-1
95;0;6,6,6,6,6,-1;1,3,2,4,0,-1
214;0;6,6,6,6,6,-1;4,3,2,0,1,-1
162;0;6,6,6,6,6,-1;1,4,0,2,3,-1
167;0;6,6,6,6,6,-1;4,1,0,3,2,-1
129;0;6,6,6,6,6,-1;4,2,1,0,3,-1
157;0;6,6,6,6,6,-1;1,4,3,0,2,-1
323;0;6,6,6,6,6,-1;4,2,0,1,3,-1
153;0;6,6,6,6,6,-1;1,3,2,0,4,-1
346;0;6,6,6,6,6,-1;2,1,3,0,4,-1
329;0;6,6,6,6,6,-1;3,2,4,0,1,-1
113;0;6,6,6,6,6,-1;3,1,0,4,2,-1
153;0;6,6,6,6,6,-1;0,2,4,3,1,-1
241;0;6,6,6,6,6,-1;1,3,2,4,0,-1
152;0;6,6,6,6,6,-1;1,2,0,4,3,-1
190;0;6,6,6,6,6,-1;2,4,0,3,1,-1
275;0;6,6,6,6,6,-1;3,4,2,1,0,-1
84;0;6,6,6,6,6,-1;2,0,3,4,1,-1
91;0;6,6,6,6,6,-1;1,2,4,0,3,-1
142;0;6,6,6,6,6,-1;2,0,3,4,1,-1
109;0;6,6,6,6,6,-1;0,2,4,1,3,-1
98;0;6,6,6,6,6,-1;1,4,0,3,2,-1
306;0;6,6,6,6,6,-1;0,1,4,3,2,-1
130;0;6,6,6,6,6,-1;0,4,2,3,1,-1
88;0;6,6,6,6,6,-1;4,2,3,0,1,-1
116;0;6,6,6,6,6,-1;4,0,2,1,3,-1
109;0;6,6,6,6,6,-1;3,4,2,0,1,-1
324;0;6,6,6,6,6,-1;0,3,1,2,4,-1
281;0;6,6,6,6,6,-1;4,1,3,2,0,-1
83;0;6,6,6,6,6,-1;4,1,2,0,3,-1
133;0;6,6,6,6,6,-1;1,0,3,2,4,-1
399;0;6,6,6,6,6,-1;4,1,3,2,0,-1
129;0;6,6,6,6,6,-1;3,4,0,2,1,-1
405;0;6,6,6,6,6,-1;1,3,0,4,2,-1
196;0;6,6,6,6,6,-1;0,4,3,1,2,-1
91;0;6,6,6,6,6,-1;0,4,2,3,1,-1
77;0;6,6,6,6,6,-1;3,0,4,1,2,-1
138;0;6,6,6,6,6,-1;2,0,4,1,3,-1
33;0;6,6,6,6,6,-1;0,1,4,2,3,-1
174;0;6,6,6,6,6,-1;3,4,2,0,1,-1
71;0;6,6,6,6,6,-1;3,0,4,1,2,-1
31;0;6,6,6,6,6,-1;3,2,4,0,1,-1
141;0;6,6,6,6,6,-1;4,2,3,0,1,-1
80;0;6,6,6,6,6,-1;3,0,1,2,4,-1
72;0;6,6,6,6,6,-1;2,4,1,3,0,-1
295;0;6,6,6,6,6,-1;0,2,3,4,1,-1
86;0;6,6,6,6,6,-1;3,4,0,1,2,-1
100;0;6,6,6,6,6,-1;3,0,1,4,2,-1
267;0;6,6,6,6,6,-1;3,4,2,1,0,-1
350;0;6,6,6,6,6,-1;0,4,2,3,1,-1
173;0;6,6,6,6,6,-1;0,1,3,4,2,-1
110;0;6,6,6,6,6,-1;1,0,3,4,2,-1
373;0;6,6,6,6,6,-1;4,1,0,3,2,-1
90;0;6,6,6,6,6,-1;1,0,4,3,2,-1
137;0;6,6,6,6,6,-1;3,1,2,4,0,-1
100;0;6,6,6,6,6,-1;0,4,1,2,3,-1
178;0;6,6,6,6,6,-1;0,4,3,2,1,-1
103;0;6,6,6,6,6,-1;2,0,1,3,4,-1
76;0;6,6,6,6,6,-1;4,3,2,0,1,-1
44;0;6,6,6,6,6,-1;3,0,2,1,4,-1
362;0;6,6,6,6,6,-1;0,2,4,1,3,-1
147;0;6,6,6,6,6,-1;3,2,0,4,1,-1
168;0;6,6,6,6,6,-1;4,1,2,3,0,-1
116;0;6,6,6,6,6,-1;0,3,4,1,2,-1
170;0;6,6,6,6,6,-1;0,3,1,2,4,-1
192;0;6,6,6,6,6,-1;1,4,3,0,2,-1
139;0;6,6,6,6,6,-1;2,4,1,3,0,-1
154;0;6,6,6,6,6,-1;1,0,4,2,3,-1
226;0;6,6,6,6,6,-1;3,2,4,0,1,-1
147;0;6,6,6,6,6,-1;2,4,3,1,0,-1
124;0;6,6,6,6,6,-1;3,4,1,0,2,-1
131;0;6,6,6,6,6,-1;1,3,0,2,4,-1
325;0;6,6,6,6,6,-1;4,3,2,0,1,-1
83;0;6,6,6,6,6,-1;0,2,3,1,4,-1
226;0;6,6,6,6,6,-1;1,0,3,2,4,-1
106;0;6,6,6,6,6,-1;3,4,2,0,1,-1
59;0;6,6,6,6,6,-1;4,1,3,2,0,-1
138;0;6,6,6,6,6,-1;4,0,3,2,1,-1
162;0;6,6,6,6,6,-1;3,4,0,1,2,-1
93;0;6,6,6,6,6,-1;4,0,1,3,2,-1
114;0;6,6,6,6,6,-1;0,3,1,4,2,-1
400;0;6,6,6,6,6,-1;0,3,2,4,1,-1
134;0;6,6,6,6,6,-1;2,0,3,4,1,-1
369;0;6,6,6,6,6,-1;3,1,2,4,0,-1
317;0;6,6,6,6,6,-1;3,1,4,2,0,-1
43;0;6,6,6,6,6,-1;4,3,0,2,1,-1
312;0;6,6,6,6,6,-1;4,0,2,3,1,-1
164;0;6,6,6,6,6,-1;3,2,0,4,1,-1
115;0;6,6,6,6,6,-1;4,3,0,2,1,-1
83;0;6,6,6,6,6,-1;4,2,0,3,1,-1
68;0;6,6,6,6,6,-1;2,0,3,4,1,-1
202;0;6,6,6,6,6,-1;1,4,0,2,3,-1
142;0;6,6,6,6,6,-1;1,2,4,0,3,-1
158;0;6,6,6,6,6,-1;2,0,3,1,4,-1
92;0;6,6,6,6,6,-1;0,4,3,2,1,-1
92;0;6,6,6,6,6,-1;4,3,0,1,2,-1
344;0;6,6,6,6,6,-1;1,3,2,0,4,-1
154;0;6,6,6,6,6,-1;2,0,3,4,1,-1
110;0;6,6,6,6,6,-1;1,4,3,2,0,-1
85;0;6,6,6,6,6,-1;3,2,0,1,4,-1
102;0;6,6,6,6,6,-1;0,2,4,1,3,-1
271;0;6,6,6,6,6,-1;1,2,4,0,3,-1
86;0;6,6,6,6,6,-1;1,2,3,0,4,-1
277;0;6,6,6,6,6,-1;3,4,2,0,1,-1
86;0;6,6,6,6,6,-1;2,1,0,4,3,-1
152;0;6,6,6,6,6,-1;1,3,2,4,0,-1
122;0;6,6,6,6,6,-1;1,3,2,4,0,-1
207;0;6,6,6,6,6,-1;2,1,0,4,3,-1
74;0;6,6,6,6,6,-1;2,3,4,1,0,-1
373;0;6,6,6,6,6,-1;0,2,3,1,4,-1
167;0;6,6,6,6,6,-1;1,2,0,4,3,-1
164;0;6,6,6,6,6,-1;0,2,3,1,4,-1
141;0;6,6,6,6,6,-1;4,0,1,3,2,-1
45;0;6,6,6,6,6,-1;3,4,0,2,1,-1
188;0;6,6,6,6,6,-1;4,2,0,1,3,-1
166;0;6,6,6,6,6,-1;1,3,4,0,2,-1
400;0;6,6,6,6,6,-1;3,1,0,4,2,-1
371;0;6,6,6,6,6,-1;0,2,1,3,4,-1
214;0;6,6,6,6,6,-1;4,1,0,3,2,-1
184;0;6,6,6,6,6,-1;4,0,3,1,2,-1
360;0;6,6,6,6,6,-1;0,3,1,2,4,-1
146;0;6,6,6,6,6,-1;4,0,3,1,2,-1
274;0;6,6,6,6,6,-1;0,2,4,1,3,-1
418;0;6,6,6,6,6,-1;4,3,0,1,2,-1
83;0;6,6,6,6,6,-1;4,0,2,1,3,-1
278;0;6,6,6,6,6,-1;0,4,1,3,2,-1
160;0;6,6,6,6,6,-1;0,1,3,4,2,-1
82;0;6,6,6,6,6,-1;4,3,1,2,0,-1
166;0;6,6,6,6,6,-1;3,1,2,4,0,-1
164;0;6,6,6,6,6,-1;0,4,3,1,2,-1
532;0;6,6,6,6,6,-1;0,2,4,1,3,-1
108;0;6,6,6,6,6,-1;4,0,3,2,1,-1
155;0;6,6,6,6,6,-1;2,1,3,4,0,-1
280;0;6,6,6,6,6,-1;3,0,1,2,4,-1
63;0;6,6,6,6,6,-1;3,1,4,0,2,-1
151;0;6,6,6,6,6,-1;4,2,1,0,3,-1
106;0;6,6,6,6,6,-1;2,4,0,3,1,-1
178;0;6,6,6,6,6,-1;0,4,2,1,3,-1
120;0;6,6,6,6,6,-1;2,3,1,0,4,-1
148;0;6,6,6,6,6,-1;4,2,1,3,0,-1
185;0;6,6,6,6,6,-1;0,1,4,2,3,-1
104;0;6,6,6,6,6,-1;4,2,3,0,1,-1
433;0;6,6,6,6,6,-1;0,4,3,2,1,-1
95;0;6,6,6,6,6,-1;0,1,2,3,4,-1
58;0;6,6,6,6,6,-1;1,2,3,4,0,-1
83;0;6,6,6,6,6,-1;4,2,0,3,1,-1
180;0;6,6,6,6,6,-1;4,0,1,2,3,-1
103;0;6,6,6,6,6,-1;2,0,3,4,1,-1
51;0;6,6,6,6,6,-1;1,0,4,3,2,-1
237;0;6,6,6,6,6,-1;4,2,0,1,3,-1
133;0;6,6,6,6,6,-1;3,0,1,4,2,-1
125;0;6,6,6,6,6,-1;4,1,3,2,0,-1
640;0;6,6,6,6,6,-1;2,4,3,0,1,-1
87;0;6,6,6,6,6,-1;1,2,3,0,4,-1
62;0;6,6,6,6,6,-1;3,4,2,0,1,-1
353;0;6,6,6,6,6,-1;3,4,2,0,1,-1
282;0;6,6,6,6,6,-1;0,1,2,3,4,-1
633;0;6,6,6,6,6,-1;1,3,0,2,4,-1
209;0;6,6,6,6,6,-1;1,3,4,0,2,-1
147;0;6,6,6,6,6,-1;1,3,0,4,2,-1
184;0;6,6,6,6,6,-1;3,1,2,0,4,-1
196;0;6,6,6,6,6,-1;0,3,2,1,4,-1
129;0;6,6,6,6,6,-1;0,4,2,3,1,-1
84;0;6,6,6,6,6,-1;4,0,3,1,2,-1
100;0;6,6,6,6,6,-1;3,1,4,2,0,-1
249;0;6,6,6,6,6,-1;1,3,4,2,0,-1
158;0;6,6,6,6,6,-1;3,2,1,4,0,-1
346;0;6,6,6,6,6,-1;2,3,0,4,1,-1
167;0;6,6,6,6,6,-1;1,0,3,2,4,-1
71;0;6,6,6,6,6,-1;0,2,3,4,1,-1
358;0;6,6,6,6,6,-1;1,4,2,3,0,-1
276;0;6,6,6,6,6,-1;4,1,0,3,2,-1
173;0;6,6,6,6,6,-1;3,4,2,1,0,-1
91;0;6,6,6,6,6,-1;4,3,1,0,2,-1
185;0;6,6,6,6,6,-1;4,3,2,0,1,-1
197;0;6,6,6,6,6,-1;0,4,2,1,3,-1
111;0;6,6,6,6,6,-1;1,4,3,2,0,-1
112;0;6,6,6,6,6,-1;3,0,1,2,4,-1
102;0;6,6,6,6,6,-1;2,3,0,4,1,-1
276;0;6,6,6,6,6,-1;2,1,3,4,0,-1
100;0;6,6,6,6,6,-1;0,1,3,4,2,-1
78;0;6,6,6,6,6,-1;4,1,2,3,0,-1
189;0;6,6,6,6,6,-1;0,1,4,2,3,-1
76;0;6,6,6,6,6,-1;0,2,1,4,3,-1
33;0;6,6,6,6,6,-1;1,0,4,3,2,-1
139;0;6,6,6,6,6,-1;4,2,3,1,0,-1
143;0;6,6,6,6,6,-1;4,2,0,1,3,-1
86;0;6,6,6,6,6,-1;4,0,1,2,3,-1
96;0;6,6,6,6,6,-1;2,1,4,0,3,-1
402;0;6,6,6,6,6,-1;1,3,2,0,4,-1
211;0;6,6,6,6,6,-1;3,2,4,1,0,-1
110;0;6,6,6,6,6,-1;4,0,2,1,3,-1
107;0;6,6,6,6,6,-1;1,2,0,3,4,-1
108;0;6,6,6,6,6,-1;0,4,1,3,2,-1
129;0;6,6,6,6,6,-1;1,2,3,0,4,-1
37;0;6,6,6,6,6,-1;0,4,3,2,1,-1
100;0;6,6,6,6,6,-1;1,2,0,3,4,-1
155;0;6,6,6,6,6,-1;1,0,4,3,2,-1
208;0;6,6,6,6,6,-1;1,3,2,4,0,-1
121;0;6,6,6,6,6,-1;0,4,2,1,3,-1
153;0;6,6,6,6,6,-1;4,1,3,2,0,-1
115;0;6,6,6,6,6,-1;0,4,3,2,1,-1
73;0;6,6,6,6,6,-1;1,3,4,0,2,-1
254;0;6,6,6,6,6,-1;3,2,4,0,1,-1
93;0;6,6,6,6,6,-1;3,0,2,4,1,-1
135;0;6,6,6,6,6,-1;1,3,4,0,2,-1
79;0;6,6,6,6,6,-1;0,4,2,3,1,-1
99;0;6,6,6,6,6,-1;2,3,4,1,0,-1
330;0;6,6,6,6,6,-1;2,3,0,4,1,-1
139;0;6,6,6,6,6,-1;3,0,4,2,1,-1
55;0;6,6,6,6,6,-1;0,3,2,1,4,-1
141;0;6,6,6,6,6,-1;4,2,0,1,3,-1
135;0;6,6,6,6,6,-1;0,3,1,4,2,-1
181;0;6,6,6,6,6,-1;1,0,3,4,2,-1
148;0;6,6,6,6,6,-1;2,0,4,1,3,-1
101;0;6,6,6,6,6,-1;0,2,3,4,1,-1
140;0;6,6,6,6,6,-1;2,4,0,3,1,-1
65;0;6,6,6,6,6,-1;0,2,4,1,3,-1
95;0;6,6,6,6,6,-1;3,1,4,0,2,-1
163;0;6,6,6,6,6,-1;0,2,1,3,4,-1
329;0;6,6,6,6,6,-1;0,2,3,4,1,-1
187;0;6,6,6,6,6,-1;1,4,3,2,0,-1
77;0;6,6,6,6,6,-1;2,1,3,4,0,-1
186;0;6,6,6,6,6,-1;3,2,4,0,1,-1
250;0;6,6,6,6,6,-1;4,3,2,0,1,-1
123;0;6,6,6,6,6,-1;2,0,1,3,4,-1
189;0;6,6,6,6,6,-1;4,0,2,3,1,-1
232;0;6,6,6,6,6,-1;2,0,3,4,1,-1
86;0;6,6,6,6,6,-1;4,2,3,0,1,-1
203;0;6,6,6,6,6,-1;0,2,3,1,4,-1
163;0;6,6,6,6,6,-1;1,4,0,3,2,-1
83;0;6,6,6,6,6,-1;2,1,4,0,3,-1
191;0;6,6,6,6,6,-1;0,2,3,1,4,-1
141;0;6,6,6,6,6,-1;1,3,0,2,4,-1
82;0;6,6,6,6,6,-1;1,3,4,2,0,-1
80;0;6,6,6,6,6,-1;4,2,3,1,0,-1
79;0;6,6,6,6,6,-1;0,4,3,2,1,-1
77;0;6,6,6,6,6,-1;2,4,3,1,0,-1
102;0;6,6,6,6,6,-1;1,0,2,3,4,-1
83;0;6,6,6,6,6,-1;0,1,2,4,3,-1
175;0;6,6,6,6,6,-1;1,3,2,0,4,-1
176;0;6,6,6,6,6,-1;3,0,2,4,1,-1
97;0;6,6,6,6,6,-1;0,2,3,1,4,-1
62;0;6,6,6,6,6,-1;1,3,4,2,0,-1
67;0;6,6,6,6,6,-1;2,3,0,4,1,-1
177;0;6,6,6,6,6,-1;3,0,4,2,1,-1
234;0;6,6,6,6,6,-1;3,4,1,2,0,-1
116;0;6,6,6,6,6,-1;3,2,0,4,1,-1
214;0;6,6,6,6,6,-1;2,1,3,0,4,-1
114;0;6,6,6,6,6,-1;0,3,2,4,1,-1
93;0;6,6,6,6,6,-1;1,0,2,3,4,-1
346;0;6,6,6,6,6,-1;1,2,0,4,3,-1
88;0;6,6,6,6,6,-1;4,1,3,0,2,-1
171;0;6,6,6,6,6,-1;0,4,2,3,1,-1
140;0;6,6,6,6,6,-1;0,1,4,3,2,-1
91;0;6,6,6,6,6,-1;3,2,0,1,4,-1
66;0;6,6,6,6,6,-1;1,2,3,4,0,-1
385;0;6,6,6,6,6,-1;2,4,1,3,0,-1
111;0;6,6,6,6,6,-1;0,3,1,2,4,-1
302;0;6,6,6,6,6,-1;1,4,3,0,2,-1
181;0;6,6,6,6,6,-1;1,0,2,4,3,-1
82;0;6,6,6,6,6,-1;4,0,2,1,3,-1
170;0;6,6,6,6,6,-1;3,0,4,1,2,-1
123;0;6,6,6,6,6,-1;4,2,1,3,0,-1
210;0;6,6,6,6,6,-1;4,2,0,3,1,-1
95;0;6,6,6,6,6,-1;3,4,2,1,0,-1
81;0;6,6,6,6,6,-1;3,2,0,4,1,-1
109;0;6,6,6,6,6,-1;0,2,3,4,1,-1
170;0;6,6,6,6,6,-1;3,4,2,0,1,-1
181;0;6,6,6,6,6,-1;1,2,0,3,4,-1
108;0;6,6,6,6,6,-1;0,3,2,1,4,-1
134;0;6,6,6,6,6,-1;3,0,2,1,4,-1
86;0;6,6,6,6,6,-1;4,3,1,0,2,-1
165;0;6,6,6,6,6,-1;2,1,3,0,4,-1
161;0;6,6,6,6,6,-1;1,0,4,3,2,-1
81;0;6,6,6,6,6,-1;4,0,3,1,2,-1
166;0;6,6,6,6,6,-1;0,4,1,3,2,-1
80;0;6,6,6,6,6,-1;1,3,0,4,2,-1
159;0;6,6,6,6,6,-1;2,4,3,0,1,-1
53;0;6,6,6,6,6,-1;2,4,3,1,0,-1
60;0;6,6,6,6,6,-1;3,0,4,1,2,-1
255;0;6,6,6,6,6,-1;4,1,2,3,0,-1
70;0;6,6,6,6,6,-1;0,3,2,4,1,-1
131;0;6,6,6,6,6,-1;3,2,4,1,0,-1
97;0;6,6,6,6,6,-1;0,3,2,1,4,-1
288;0;6,6,6,6,6,-1;3,0,2,4,1,-1
142;0;6,6,6,6,6,-1;3,0,2,4,1,-1
89;0;6,6,6,6,6,-1;3,0,1,4,2,-1
209;0;6,6,6,6,6,-1;2,3,4,0,1,-1
109;0;6,6,6,6,6,-1;0,3,4,1,2,-1
68;0;6,6,6,6,6,-1;4,3,2,0,1,-1
55;0;6,6,6,6,6,-1;2,1,4,0,3,-1
146;0;6,6,6,6,6,-1;1,0,2,4,3,-1
365;0;6,6,6,6,6,-1;1,2,3,0,4,-1
89;0;6,6,6,6,6,-1;2,3,4,1,0,-1
225;0;6,6,6,6,6,-1;2,4,1,3,0,-1
77;0;6,6,6,6,6,-1;0,1,4,3,2,-1
225;0;6,6,6,6,6,-1;1,4,0,3,2,-1
331;0;6,6,6,6,6,-1;0,1,3,2,4,-1
248;0;6,6,6,6,6,-1;3,4,0,1,2,-1
205;0;6,6,6,6,6,-1;1,0,4,2,3,-1
109;0;6,6,6,6,6,-1;0,1,3,2,4,-1
110;0;6,6,6,6,6,-1;0,2,1,4,3,-1
81;0;6,6,6,6,6,-1;3,4,1,2,0,-1
196;0;6,6,6,6,6,-1;3,4,2,1,0,-1
145;0;6,6,6,6,6,-1;2,3,1,0,4,-1
94;0;6,6,6,6,6,-1;1,4,0,3,2,-1
243;0;6,6,6,6,6,-1;2,0,4,3,1,-1
193;0;6,6,6,6,6,-1;1,0,3,4,2,-1
207;0;6,6,6,6,6,-1;3,1,2,0,4,-1
88;0;6,6,6,6,6,-1;3,1,4,0,2,-1
103;0;6,6,6,6,6,-1;2,4,1,3,0,-1
95;0;6,6,6,6,6,-1;4,1,0,3,2,-1
307;0;6,6,6,6,6,-1;3,1,4,2,0,-1
219;0;6,6,6,6,6,-1;3,2,0,4,1,-1
68;0;6,6,6,6,6,-1;4,1,3,2,0,-1
114;0;6,6,6,6,6,-1;1,3,4,2,0,-1
78;0;6,6,6,6,6,-1;0,3,2,4,1,-1
152;0;6,6,6,6,6,-1;2,4,3,0,1,-1
84;0;6,6,6,6,6,-1;4,3,2,1,0,-1
86;0;6,6,6,6,6,-1;2,4,1,0,3,-1
168;0;6,6,6,6,6,-1;0,1,3,4,2,-1
117;0;6,6,6,6,6,-1;3,2,1,4,0,-1
131;0;6,6,6,6,6,-1;1,2,0,4,3,-1
186;0;6,6,6,6,6,-1;0,1,2,4,3,-1
85;0;6,6,6,6,6,-1;0,4,2,1,3,-1
158;0;6,6,6,6,6,-1;0,4,2,3,1,-1
213;0;6,6,6,6,6,-1;0,2,3,1,4,-1
427;0;6,6,6,6,6,-1;3,1,0,4,2,-1
206;0;6,6,6,6,6,-1;4,0,2,3,1,-1
107;0;6,6,6,6,6,-1;0,3,4,2,1,-1
86;0;6,6,6,6,6,-1;1,3,4,0,2,-1
105;0;6,6,6,6,6,-1;0,1,3,2,4,-1
83;0;6,6,6,6,6,-1;4,3,2,0,1,-1
305;0;6,6,6,6,6,-1;2,0,1,3,4,-1
148;0;6,6,6,6,6,-1;1,2,3,4,0,-1
149;0;6,6,6,6,6,-1;0,3,4,2,1,-1
126;0;6,6,6,6,6,-1;3,4,2,0,1,-1
79;0;6,6,6,6,6,-1;1,2,4,0,3,-1
246;0;6,6,6,6,6,-1;1,0,4,3,2,-1
178;0;6,6,6,6,6,-1;3,4,1,2,0,-1
103;0;6,6,6,6,6,-1;0,2,4,3,1,-1
111;0;6,6,6,6,6,-1;4,0,1,3,2,-1
96;0;6,6,6,6,6,-1;4,0,3,2,1,-1
99;0;6,6,6,6,6,-1;3,2,1,0,4,-1
53;0;6,6,6,6,6,-1;4,2,0,3,1,-1
68;0;6,6,6,6,6,-1;0,3,4,1,2,-1
176;0;6,6,6,6,6,-1;1,3,0,2,4,-1
406;0;6,6,6,6,6,-1;1,4,0,2,3,-1
129;0;6,6,6,6,6,-1;3,1,2,4,0,-1
68;0;6,6,6,6,6,-1;0,1,3,4,2,-1
342;0;6,6,6,6,6,-1;3,0,2,1,4,-1
245;0;6,6,6,6,6,-1;1,2,3,0,4,-1
159;0;6,6,6,6,6,-1;1,0,2,3,4,-1
55;0;6,6,6,6,6,-1;2,1,0,4,3,-1
101;0;6,6,6,6,6,-1;1,4,3,0,2,-1
179;0;6,6,6,6,6,-1;2,1,0,4,3,-1
72;0;6,6,6,6,6,-1;0,2,1,3,4,-1
175;0;6,6,6,6,6,-1;4,3,1,2,0,-1
150;0;6,6,6,6,6,-1;0,4,1,2,3,-1
227;0;6,6,6,6,6,-1;0,2,4,1,3,-1
386;0;6,6,6,6,6,-1;4,2,3,0,1,-1
263;0;6,6,6,6,6,-1;2,1,0,3,4,-1
141;0;6,6,6,6,6,-1;0,2,4,3,1,-1
109;0;6,6,6,6,6,-1;4,2,0,3,1,-1
351;0;6,6,6,6,6,-1;3,0,2,1,4,-1
342;0;6,6,6,6,6,-1;2,4,1,0,3,-1
176;0;6,6,6,6,6,-1;4,0,3,2,1,-1
160;0;6,6,6,6,6,-1;2,0,4,3,1,-1
44;0;6,6,6,6,6,-1;2,4,3,1,0,-1
71;0;6,6,6,6,6,-1;0,4,3,2,1,-1
141;0;6,6,6,6,6,-1;4,1,0,3,2,-1
161;0;6,6,6,6,6,-1;2,1,4,3,0,-1
184;0;6,6,6,6,6,-1;3,2,4,0,1,-1
209;0;6,6,6,6,6,-1;3,4,2,0,1,-1
180;0;6,6,6,6,6,-1;1,0,3,2,4,-1
102;0;6,6,6,6,6,-1;0,2,4,1,3,-1
121;0;6,6,6,6,6,-1;1,2,4,3,0,-1
247;0;6,6,6,6,6,-1;4,0,2,3,1,-1
207;0;6,6,6,6,6,-1;1,0,2,3,4,-1
143;0;6,6,6,6,6,-1;1,4,0,2,3,-1
537;0;6,6,6,6,6,-1;0,4,3,1,2,-1
57;0;6,6,6,6,6,-1;3,2,1,0,4,-1
89;0;6,6,6,6,6,-1;4,3,1,0,2,-1
173;0;6,6,6,6,6,-1;0,4,2,1,3,-1
65;0;6,6,6,6,6,-1;4,2,3,1,0,-1
403;0;6,6,6,6,6,-1;0,2,1,4,3,-1
151;0;6,6,6,6,6,-1;2,0,1,3,4,-1
58;0;6,6,6,6,6,-1;2,0,3,4,1,-1
187;0;6,6,6,6,6,-1;1,2,4,3,0,-1
82;0;6,6,6,6,6,-1;2,1,4,0,3,-1
86;0;6,6,6,6,6,-1;3,0,4,2,1,-1
67;0;6,6,6,6,6,-1;3,2,0,4,1,-1
101;0;6,6,6,6,6,-1;1,3,4,0,2,-1
89;0;6,6,6,6,6,-1;1,4,0,2,3,-1
297;0;6,6,6,6,6,-1;4,3,2,0,1,-1
115;0;6,6,6,6,6,-1;3,4,2,1,0,-1
189;0;6,6,6,6,6,-1;4,1,0,3,2,-1
58;0;6,6,6,6,6,-1;4,1,3,0,2,-1
136;0;6,6,6,6,6,-1;2,0,4,3,1,-1
473;0;6,6,6,6,6,-1;0,2,4,1,3,-1
146;0;6,6,6,6,6,-1;2,4,0,3,1,-1
73;0;6,6,6,6,6,-1;1,2,3,4,0,-1
94;0;6,6,6,6,6,-1;3,1,2,0,4,-1
188;0;6,6,6,6,6,-1;0,1,3,2,4,-1
77;0;6,6,6,6,6,-1;3,1,2,0,4,-1
53;0;6,6,6,6,6,-1;0,1,3,2,4,-1
93;0;6,6,6,6,6,-1;0,2,4,3,1,-1
164;0;6,6,6,6,6,-1;3,0,2,4,1,-1
118;0;6,6,6,6,6,-1;4,0,1,3,2,-1
134;0;6,6,6,6,6,-1;4,2,1,0,3,-1
348;0;6,6,6,6,6,-1;2,3,1,4,0,-1
183;0;6,6,6,6,6,-1;2,1,3,0,4,-1
76;0;6,6,6,6,6,-1;2,4,1,0,3,-1
114;0;6,6,6,6,6,-1;4,1,0,2,3,-1
87;0;6,6,6,6,6,-1;4,0,3,1,2,-1
105;0;6,6,6,6,6,-1;0,1,3,2,4,-1
160;0;6,6,6,6,6,-1;3,0,4,1,2,-1
194;0;6,6,6,6,6,-1;0,1,2,4,3,-1
70;0;6,6,6,6,6,-1;2,3,4,0,1,-1
121;0;6,6,6,6,6,-1;3,4,2,1,0,-1
385;0;6,6,6,6,6,-1;1,4,3,0,2,-1
90;0;6,6,6,6,6,-1;0,1,3,2,4,-1
463;0;6,6,6,6,6,-1;3,2,4,1,0,-1
137;0;6,6,6,6,6,-1;3,2,4,1,0,-1
91;0;6,6,6,6,6,-1;4,2,0,3,1,-1
290;0;6,6,6,6,6,-1;1,0,2,3,4,-1
227;0;6,6,6,6,6,-1;4,0,1,2,3,-1
175;0;6,6,6,6,6,-1;2,3,4,1,0,-1
179;0;6,6,6,6,6,-1;4,2,0,1,3,-1
83;0;6,6,6,6,6,-1;2,3,4,0,1,-1
104;0;6,6,6,6,6,-1;3,4,1,2,0,-1
259;0;6,6,6,6,6,-1;0,4,3,1,2,-1
86;0;6,6,6,6,6,-1;4,3,2,0,1,-1
218;0;6,6,6,6,6,-1;0,3,4,1,2,-1
155;0;6,6,6,6,6,-1;3,2,4,1,0,-1
111;0;6,6,6,6,6,-1;2,0,3,4,1,-1
106;0;6,6,6,6,6,-1;2,1,3,4,0,-1
96;0;6,6,6,6,6,-1;4,1,2,0,3,-1
77;0;6,6,6,6,6,-1;0,2,3,4,1,-1
143;0;6,6,6,6,6,-1;0,4,1,3,2,-1
72;0;6,6,6,6,6,-1;1,0,3,2,4,-1
105;0;6,6,6,6,6,-1;0,2,1,4,3,-1
66;0;6,6,6,6,6,-1;4,0,3,1,2,-1
170;0;6,6,6,6,6,-1;2,3,1,0,4,-1
80;0;6,6,6,6,6,-1;0,4,3,1,2,-1
103;0;6,6,6,6,6,-1;1,4,0,3,2,-1
214;0;6,6,6,6,6,-1;4,0,3,1,2,-1
67;0;6,6,6,6,6,-1;0,4,1,2,3,-1
241;0;6,6,6,6,6,-1;0,1,2,4,3,-1
99;0;6,6,6,6,6,-1;0,4,1,2,3,-1
90;0;6,6,6,6,6,-1;1,4,2,3,0,-1
81;0;6,6,6,6,6,-1;1,2,0,4,3,-1
141;0;6,6,6,6,6,-1;1,4,0,2,3,-1
136;0;6,6,6,6,6,-1;1,4,3,0,2,-1
73;0;6,6,6,6,6,-1;0,1,3,4,2,-1
92;0;6,6,6,6,6,-1;4,0,1,2,3,-1
186;0;6,6,6,6,6,-1;0,3,1,2,4,-1
78;0;6,6,6,6,6,-1;2,1,0,3,4,-1
190;0;6,6,6,6,6,-1;0,1,3,2,4,-1
69;0;6,6,6,6,6,-1;2,0,4,3,1,-1
488;0;6,6,6,6,6,-1;4,1,3,0,2,-1
124;0;6,6,6,6,6,-1;1,3,2,4,0,-1
215;0;6,6,6,6,6,-1;3,4,2,1,0,-1
55;0;6,6,6,6,6,-1;3,1,0,4,2,-1
195;0;6,6,6,6,6,-1;0,1,4,2,3,-1
243;0;6,6,6,6,6,-1;4,2,3,0,1,-1
71;0;6,6,6,6,6,-1;0,1,2,3,4,-1
176;0;6,6,6,6,6,-1;1,2,4,0,3,-1
133;0;6,6,6,6,6,-1;2,1,3,0,4,-1
229;0;6,6,6,6,6,-1;4,2,1,0,3,-1
339;0;6,6,6,6,6,-1;4,2,0,3,1,-1
130;0;6,6,6,6,6,-1;1,4,2,3,0,-1
330;0;6,6,6,6,6,-1;3,2,1,0,4,-1
113;0;6,6,6,6,6,-1;4,2,1,3,0,-1
121;0;6,6,6,6,6,-1;2,0,3,1,4,-1
142;0;6,6,6,6,6,-1;1,2,3,4,0,-1
34;0;6,6,6,6,6,-1;4,0,3,2,1,-1
134;0;6,6,6,6,6,-1;2,0,4,1,3,-1
134;0;6,6,6,6,6,-1;1,2,4,0,3,-1
105;0;6,6,6,6,6,-1;4,0,1,2,3,-1
169;0;6,6,6,6,6,-1;2,4,3,1,0,-1
96;0;6,6,6,6,6,-1;0,3,2,1,4,-1
84;0;6,6,6,6,6,-1;1,2,0,3,4,-1
117;0;6,6,6,6,6,-1;0,3,4,1,2,-1
186;0;6,6,6,6,6,-1;3,2,4,0,1,-1
73;0;6,6,6,6,6,-1;1,2,4,3,0,-1
159;0;6,6,6,6,6,-1;3,4,0,1,2,-1
110;0;6,6,6,6,6,-1;2,4,1,0,3,-1
367;0;6,6,6,6,6,-1;2,0,3,1,4,-1
213;0;6,6,6,6,6,-1;4,0,1,3,2,-1
201;0;6,6,6,6,6,-1;2,3,4,0,1,-1
117;0;6,6,6,6,6,-1;4,0,1,2,3,-1
118;0;6,6,6,6,6,-1;1,0,2,4,3,-1
90;0;6,6,6,6,6,-1;2,4,0,1,3,-1
110;0;6,6,6,6,6,-1;0,2,1,3,4,-1
63;0;6,6,6,6,6,-1;4,0,3,1,2,-1
118;0;6,6,6,6,6,-1;0,2,3,4,1,-1
139;0;6,6,6,6,6,-1;4,1,3,2,0,-1
208;0;6,6,6,6,6,-1;4,0,1,3,2,-1
39;0;6,6,6,6,6,-1;1,0,2,3,4,-1
182;0;6,6,6,6,6,-1;3,1,4,0,2,-1
362;0;6,6,6,6,6,-1;2,0,3,1,4,-1
244;0;6,6,6,6,6,-1;1,0,4,2,3,-1
62;0;6,6,6,6,6,-1;0,4,2,3,1,-1
66;0;6,6,6,6,6,-1;2,1,4,3,0,-1
174;0;6,6,6,6,6,-1;0,3,2,1,4,-1
181;0;6,6,6,6,6,-1;2,3,4,1,0,-1
145;0;6,6,6,6,6,-1;3,0,2,4,1,-1
66;0;6,6,6,6,6,-1;2,4,0,3,1,-1
293;0;6,6,6,6,6,-1;0,2,3,4,1,-1
152;0;6,6,6,6,6,-1;1,0,3,2,4,-1
69;0;6,6,6,6,6,-1;3,0,1,2,4,-1
118;0;6,6,6,6,6,-1;1,3,2,4,0,-1
203;0;6,6,6,6,6,-1;4,2,1,3,0,-1
108;0;6,6,6,6,6,-1;4,2,1,0,3,-1
303;0;6,6,6,6,6,-1;0,1,4,3,2,-1
117;0;6,6,6,6,6,-1;1,2,4,0,3,-1
218;0;6,6,6,6,6,-1;0,1,4,2,3,-1
208;0;6,6,6,6,6,-1;4,3,1,2,0,-1
196;0;6,6,6,6,6,-1;0,1,4,3,2,-1
35;0;6,6,6,6,6,-1;4,1,0,3,2,-1
79;0;6,6,6,6,6,-1;1,2,0,4,3,-1
57;0;6,6,6,6,6,-1;1,3,0,4,2,-1
117;0;6,6,6,6,6,-1;3,1,2,4,0,-1
87;0;6,6,6,6,6,-1;4,3,1,0,2,-1
96;0;6,6,6,6,6,-1;4,1,0,3,2,-1
221;0;6,6,6,6,6,-1;1,2,3,0,4,-1
98;0;6,6,6,6,6,-1;2,0,4,1,3,-1
122;0;6,6,6,6,6,-1;2,4,0,1,3,-1
120;0;6,6,6,6,6,-1;4,2,3,0,1,-1
126;0;6,6,6,6,6,-1;1,4,2,3,0,-1
143;0;6,6,6,6,6,-1;0,1,3,2,4,-1
99;0;6,6,6,6,6,-1;4,1,0,3,2,-1
124;0;6,6,6,6,6,-1;3,0,4,1,2,-1
99;0;6,6,6,6,6,-1;4,3,1,0,2,-1
694;0;6,6,6,6,6,-1;1,0,3,4,2,-1
134;0;6,6,6,6,6,-1;1,4,0,3,2,-1
70;0;6,6,6,6,6,-1;0,4,2,3,1,-1
99;0;6,6,6,6,6,-1;3,2,0,4,1,-1
94;0;6,6,6,6,6,-1;3,4,2,1,0,-1
287;0;6,6,6,6,6,-1;2,3,0,4,1,-1
477;0;6,6,6,6,6,-1;0,1,2,3,4,-1
388;0;6,6,6,6,6,-1;1,2,3,4,0,-1
160;0;6,6,6,6,6,-1;0,4,3,1,2,-1
112;0;6,6,6,6,6,-1;3,2,1,0,4,-1
76;0;6,6,6,6,6,-1;2,4,1,3,0,-1
163;0;6,6,6,6,6,-1;3,4,2,1,0,-1
460;0;6,6,6,6,6,-1;4,2,1,3,0,-1
61;0;6,6,6,6,6,-1;2,1,3,0,4,-1
144;0;6,6,6,6,6,-1;1,3,4,2,0,-1
206;0;6,6,6,6,6,-1;4,0,2,1,3,-1
128;0;6,6,6,6,6,-1;4,2,1,3,0,-1
228;0;6,6,6,6,6,-1;2,0,3,1,4,-1
216;0;6,6,6,6,6,-1;2,0,3,4,1,-1
304;0;6,6,6,6,6,-1;3,2,0,1,4,-1
149;0;6,6,6,6,6,-1;2,1,3,4,0,-1
384;0;6,6,6,6,6,-1;4,1,3,2,0,-1
64;0;6,6,6,6,6,-1;0,3,4,2,1,-1
207;0;6,6,6,6,6,-1;4,1,0,2,3,-1
64;0;6,6,6,6,6,-1;3,1,0,4,2,-1
101;0;6,6,6,6,6,-1;2,3,4,1,0,-1
58;0;6,6,6,6,6,-1;2,3,1,4,0,-1
52;0;6,6,6,6,6,-1;2,0,1,3,4,-1
87;0;6,6,6,6,6,-1;4,2,1,0,3,-1
71;0;6,6,6,6,6,-1;4,0,2,3,1,-1
190;0;6,6,6,6,6,-1;1,2,4,3,0,-1
105;0;6,6,6,6,6,-1;2,0,4,3,1,-1
87;0;6,6,6,6,6,-1;3,4,1,2,0,-1
117;0;6,6,6,6,6,-1;0,4,1,3,2,-1
151;0;6,6,6,6,6,-1;0,1,2,4,3,-1
192;0;6,6,6,6,6,-1;1,4,3,2,0,-1
89;0;6,6,6,6,6,-1;0,4,3,1,2,-1
127;0;6,6,6,6,6,-1;1,4,0,3,2,-1
175;0;6,6,6,6,6,-1;0,3,4,2,1,-1
116;0;6,6,6,6,6,-1;3,0,4,1,2,-1
99;0;6,6,6,6,6,-1;3,4,2,1,0,-1
156;0;6,6,6,6,6,-1;1,2,3,0,4,-1
204;0;6,6,6,6,6,-1;2,4,3,0,1,-1
316;0;6,6,6,6,6,-1;3,4,2,1,0,-1
73;0;6,6,6,6,6,-1;2,3,1,0,4,-1
293;0;6,6,6,6,6,-1;4,2,0,3,1,-1
50;0;6,6,6,6,6,-1;4,1,0,2,3,-1
128;0;6,6,6,6,6,-1;2,3,1,0,4,-1
230;0;6,6,6,6,6,-1;1,2,4,0,3,-1
150;0;6,6,6,6,6,-1;3,1,4,0,2,-1
160;0;6,6,6,6,6,-1;4,2,1,0,3,-1
86;0;6,6,6,6,6,-1;2,3,4,0,1,-1
129;0;6,6,6,6,6,-1;4,3,1,0,2,-1
141;0;6,6,6,6,6,-1;0,4,3,1,2,-1
105;0;6,6,6,6,6,-1;2,4,0,1,3,-1
125;0;6,6,6,6,6,-1;3,4,1,2,0,-1
67;0;6,6,6,6,6,-1;1,2,0,4,3,-1
79;0;6,6,6,6,6,-1;0,1,4,3,2,-1
79;0;6,6,6,6,6,-1;2,4,3,1,0,-1
85;0;6,6,6,6,6,-1;2,1,0,3,4,-1
71;0;6,6,6,6,6,-1;2,4,1,0,3,-1
104;0;6,6,6,6,6,-1;0,2,3,1,4,-1
397;0;6,6,6,6,6,-1;0,3,2,4,1,-1
129;0;6,6,6,6,6,-1;4,3,2,0,1,-1
202;0;6,6,6,6,6,-1;2,1,3,0,4,-1
162;0;6,6,6,6,6,-1;3,1,2,4,0,-1
64;0;6,6,6,6,6,-1;2,0,1,3,4,-1
164;0;6,6,6,6,6,-1;3,0,4,2,1,-1
254;0;6,6,6,6,6,-1;4,0,3,1,2,-1
119;0;6,6,6,6,6,-1;0,1,3,2,4,-1
152;0;6,6,6,6,6,-1;4,3,1,0,2,-1
77;0;6,6,6,6,6,-1;3,2,4,0,1,-1
58;0;6,6,6,6,6,-1;2,0,4,3,1,-1
117;0;6,6,6,6,6,-1;4,3,1,0,2,-1
121;0;6,6,6,6,6,-1;4,0,2,1,3,-1
199;0;6,6,6,6,6,-1;2,1,4,3,0,-1
129;0;6,6,6,6,6,-1;1,3,0,2,4,-1
95;0;6,6,6,6,6,-1;3,2,1,4,0,-1
134;0;6,6,6,6,6,-1;0,2,3,4,1,-1
99;0;6,6,6,6,6,-1;0,3,2,1,4,-1
150;0;6,6,6,6,6,-1;1,3,4,0,2,-1
222;0;6,6,6,6,6,-1;0,4,2,1,3,-1
90;0;6,6,6,6,6,-1;1,2,4,3,0,-1
181;0;6,6,6,6,6,-1;4,1,3,0,2,-1
111;0;6,6,6,6,6,-1;1,0,3,2,4,-1
105;0;6,6,6,6,6,-1;0,3,4,2,1,-1
117;0;6,6,6,6,6,-1;3,4,1,2,0,-1
288;0;6,6,6,6,6,-1;4,3,2,0,1,-1
36;0;6,6,6,6,6,-1;1,4,0,3,2,-1
177;0;6,6,6,6,6,-1;0,1,4,2,3,-1
168;0;6,6,6,6,6,-1;4,3,2,0,1,-1
293;0;6,6,6,6,6,-1;2,0,4,1,3,-1
49;0;6,6,6,6,6,-1;2,1,3,0,4,-1
95;0;6,6,6,6,6,-1;0,4,1,2,3,-1
76;0;6,6,6,6,6,-1;2,1,3,0,4,-1
62;0;6,6,6,6,6,-1;4,1,3,0,2,-1
161;0;6,6,6,6,6,-1;2,3,4,1,0,-1
85;0;6,6,6,6,6,-1;0,2,3,1,4,-1
87;0;6,6,6,6,6,-1;4,3,0,2,1,-1
298;0;6,6,6,6,6,-1;3,1,4,0,2,-1
81;0;6,6,6,6,6,-1;2,4,0,3,1,-1
90;0;6,6,6,6,6,-1;1,3,2,0,4,-1
117;0;6,6,6,6,6,-1;1,3,4,2,0,-1
170;0;6,6,6,6,6,-1;4,1,0,3,2,-1
100;0;6,6,6,6,6,-1;0,4,3,2,1,-1
149;0;6,6,6,6,6,-1;4,1,0,3,2,-1
115;0;6,6,6,6,6,-1;0,1,3,4,2,-1
117;0;6,6,6,6,6,-1;1,3,2,4,0,-1
63;0;6,6,6,6,6,-1;1,0,4,3,2,-1
56;0;6,6,6,6,6,-1;1,2,4,3,0,-1
201;0;6,6,6,6,6,-1;1,3,2,4,0,-1
174;0;6,6,6,6,6,-1;1,3,2,4,0,-1
115;0;6,6,6,6,6,-1;0,4,1,3,2,-1
210;0;6,6,6,6,6,-1;2,4,0,1,3,-1
130;0;6,6,6,6,6,-1;4,0,3,1,2,-1
79;0;6,6,6,6,6,-1;1,3,4,0,2,-1
177;0;6,6,6,6,6,-1;2,3,1,0,4,-1
210;0;6,6,6,6,6,-1;0,3,4,2,1,-1
95;0;6,6,6,6,6,-1;1,2,3,0,4,-1
98;0;6,6,6,6,6,-1;4,2,1,0,3,-1
220;0;6,6,6,6,6,-1;1,2,4,0,3,-1
82;0;6,6,6,6,6,-1;4,3,1,0,2,-1
192;0;6,6,6,6,6,-1;2,0,4,3,1,-1
172;0;6,6,6,6,6,-1;4,2,3,0,1,-1
85;0;6,6,6,6,6,-1;3,1,0,4,2,-1
124;0;6,6,6,6,6,-1;2,0,4,1,3,-1
170;0;6,6,6,6,6,-1;2,0,3,4,1,-1
113;0;6,6,6,6,6,-1;0,3,2,1,4,-1
315;0;6,6,6,6,6,-1;2,0,1,4,3,-1
101;0;6,6,6,6,6,-1;1,4,2,3,0,-1
80;0;6,6,6,6,6,-1;4,1,2,0,3,-1
51;0;6,6,6,6,6,-1;1,3,2,0,4,-1
429;0;6,6,6,6,6,-1;1,2,3,4,0,-1
265;0;6,6,6,6,6,-1;3,1,0,4,2,-1
173;0;6,6,6,6,6,-1;2,4,3,1,0,-1
108;0;6,6,6,6,6,-1;0,2,3,4,1,-1
229;0;6,6,6,6,6,-1;2,4,3,0,1,-1
405;0;6,6,6,6,6,-1;1,3,0,2,4,-1
326;0;6,6,6,6,6,-1;1,2,4,3,0,-1
107;0;6,6,6,6,6,-1;4,3,1,0,2,-1
506;0;6,6,6,6,6,-1;1,0,4,2,3,-1
100;0;6,6,6,6,6,-1;1,3,4,0,2,-1
316;0;6,6,6,6,6,-1;3,1,0,4,2,-1
119;0;6,6,6,6,6,-1;1,4,0,3,2,-1
86;0;6,6,6,6,6,-1;0,1,4,3,2,-1
97;0;6,6,6,6,6,-1;1,2,3,0,4,-1
119;0;6,6,6,6,6,-1;2,1,4,0,3,-1
72;0;6,6,6,6,6,-1;3,4,2,1,0,-1
107;0;6,6,6,6,6,-1;3,4,1,0,2,-1
173;0;6,6,6,6,6,-1;2,0,4,3,1,-1
234;0;6,6,6,6,6,-1;2,4,3,0,1,-1
298;0;6,6,6,6,6,-1;2,1,4,3,0,-1
377;0;6,6,6,6,6,-1;3,4,1,2,0,-1
361;0;6,6,6,6,6,-1;1,2,4,0,3,-1
218;0;6,6,6,6,6,-1;2,0,1,4,3,-1
65;0;6,6,6,6,6,-1;2,0,1,4,3,-1
193;0;6,6,6,6,6,-1;3,0,4,2,1,-1
160;0;6,6,6,6,6,-1;1,3,4,2,0,-1
200;0;6,6,6,6,6,-1;0,2,1,3,4,-1
658;0;6,6,6,6,6,-1;1,3,0,4,2,-1
217;0;6,6,6,6,6,-1;3,2,1,4,0,-1
109;0;6,6,6,6,6,-1;0,3,4,2,1,-1
138;0;6,6,6,6,6,-1;4,2,3,1,0,-1
83;0;6,6,6,6,6,-1;1,4,3,0,2,-1
56;0;6,6,6,6,6,-1;3,2,1,0,4,-1
166;0;6,6,6,6,6,-1;3,1,0,4,2,-1
92;0;6,6,6,6,6,-1;0,1,2,4,3,-1
137;0;6,6,6,6,6,-1;4,3,1,0,2,-1
85;0;6,6,6,6,6,-1;2,3,4,0,1,-1
70;0;6,6,6,6,6,-1;2,1,4,3,0,-1
183;0;6,6,6,6,6,-1;3,0,1,4,2,-1
166;0;6,6,6,6,6,-1;4,0,1,3,2,-1
121;0;6,6,6,6,6,-1;3,1,0,2,4,-1
123;0;6,6,6,6,6,-1;3,1,2,4,0,-1
75;0;6,6,6,6,6,-1;1,3,2,0,4,-1
159;0;6,6,6,6,6,-1;3,2,1,0,4,-1
85;0;6,6,6,6,6,-1;4,2,1,3,0,-1
99;0;6,6,6,6,6,-1;0,4,2,1,3,-1
90;0;6,6,6,6,6,-1;2,1,4,0,3,-1
192;0;6,6,6,6,6,-1;3,2,4,1,0,-1
132;0;6,6,6,6,6,-1;3,4,1,0,2,-1
215;0;6,6,6,6,6,-1;3,1,2,4,0,-1
128;0;6,6,6,6,6,-1;2,1,4,3,0,-1
151;0;6,6,6,6,6,-1;2,4,1,0,3,-1
60;0;6,6,6,6,6,-1;4,2,3,1,0,-1
85;0;6,6,6,6,6,-1;4,0,3,1,2,-1
200;0;6,6,6,6,6,-1;2,4,1,3,0,-1
92;0;6,6,6,6,6,-1;0,3,4,1,2,-1
41;0;6,6,6,6,6,-1;4,1,3,0,2,-1
382;0;6,6,6,6,6,-1;2,4,3,1,0,-1
87;0;6,6,6,6,6,-1;1,3,0,4,2,-1
146;0;6,6,6,6,6,-1;0,4,2,1,3,-1
226;0;6,6,6,6,6,-1;2,4,3,1,0,-1
167;0;6,6,6,6,6,-1;0,1,3,4,2,-1
91;0;6,6,6,6,6,-1;3,0,2,1,4,-1
56;0;6,6,6,6,6,-1;0,2,1,3,4,-1
227;0;6,6,6,6,6,-1;3,1,4,2,0,-1
234;0;6,6,6,6,6,-1;4,2,0,1,3,-1
40;0;6,6,6,6,6,-1;3,1,2,4,0,-1
117;0;6,6,6,6,6,-1;3,4,1,2,0,-1
98;0;6,6,6,6,6,-1;0,1,2,3,4,-1
44;0;6,6,6,6,6,-1;1,4,2,3,0,-1
132;0;6,6,6,6,6,-1;2,3,1,4,0,-1
124;0;6,6,6,6,6,-1;2,1,0,3,4,-1
289;0;6,6,6,6,6,-1;0,4,3,2,1,-1
166;0;6,6,6,6,6,-1;2,3,0,4,1,-1
78;0;6,6,6,6,6,-1;2,0,1,3,4,-1
95;0;6,6,6,6,6,-1;1,3,2,0,4,-1
261;0;6,6,6,6,6,-1;0,2,3,4,1,-1
134;0;6,6,6,6,6,-1;0,2,1,3,4,-1
286;0;6,6,6,6,6,-1;1,0,3,4,2,-1
288;0;6,6,6,6,6,-1;4,0,1,2,3,-1
341;0;6,6,6,6,6,-1;4,3,0,2,1,-1
215;0;6,6,6,6,6,-1;1,4,3,2,0,-1
112;0;6,6,6,6,6,-1;3,1,0,4,2,-1
361;0;6,6,6,6,6,-1;1,2,4,0,3,-1
323;0;6,6,6,6,6,-1;1,3,4,0,2,-1
197;0;6,6,6,6,6,-1;3,0,4,2,1,-1
180;0;6,6,6,6,6,-1;1,2,4,3,0,-1
349;0;6,6,6,6,6,-1;1,0,4,3,2,-1
79;0;6,6,6,6,6,-1;1,3,0,4,2,-1
207;0;6,6,6,6,6,-1;2,0,4,1,3,-1
87;0;6,6,6,6,6,-1;1,0,3,4,2,-1
166;0;6,6,6,6,6,-1;2,4,1,3,0,-1
171;0;6,6,6,6,6,-1;4,1,0,2,3,-1
143;0;6,6,6,6,6,-1;1,2,3,0,4,-1
211;0;6,6,6,6,6,-1;0,4,2,3,1,-1
207;0;6,6,6,6,6,-1;0,2,1,4,3,-1
78;0;6,6,6,6,6,-1;1,4,0,3,2,-1
90;0;6,6,6,6,6,-1;0,4,3,2,1,-1
253;0;6,6,6,6,6,-1;4,0,3,2,1,-1
48;0;6,6,6,6,6,-1;3,1,0,2,4,-1
69;0;6,6,6,6,6,-1;4,3,1,2,0,-1
104;0;6,6,6,6,6,-1;4,3,0,2,1,-1
81;0;6,6,6,6,6,-1;0,1,3,4,2,-1
56;0;6,6,6,6,6,-1;3,0,2,4,1,-1
179;0;6,6,6,6,6,-1;3,0,4,1,2,-1
30;0;6,6,6,6,6,-1;3,4,1,2,0,-1
399;0;6,6,6,6,6,-1;2,4,1,3,0,-1
83;0;6,6,6,6,6,-1;1,3,4,2,0,-1
340;0;6,6,6,6,6,-1;2,0,3,1,4,-1
119;0;6,6,6,6,6,-1;4,0,1,3,2,-1
533;0;6,6,6,6,6,-1;2,1,4,3,0,-1
131;0;6,6,6,6,6,-1;0,2,4,3,1,-1
230;0;6,6,6,6,6,-1;2,1,4,0,3,-1
170;0;6,6,6,6,6,-1;2,3,4,0,1,-1
65;0;6,6,6,6,6,-1;2,4,3,0,1,-1
70;0;6,6,6,6,6,-1;1,3,2,4,0,-1
115;0;6,6,6,6,6,-1;4,1,0,2,3,-1
134;0;6,6,6,6,6,-1;1,3,0,4,2,-1
248;0;6,6,6,6,6,-1;4,2,3,0,1,-1
239;0;6,6,6,6,6,-1;1,4,0,2,3,-1
146;0;6,6,6,6,6,-1;1,3,4,0,2,-1
254;0;6,6,6,6,6,-1;1,4,2,0,3,-1
295;0;6,6,6,6,6,-1;4,1,0,3,2,-1
202;0;6,6,6,6,6,-1;3,1,4,0,2,-1
360;0;6,6,6,6,6,-1;4,3,2,1,0,-1
384;0;6,6,6,6,6,-1;1,0,3,4,2,-1
116;0;6,6,6,6,6,-1;3,0,1,4,2,-1
130;0;6,6,6,6,6,-1;0,3,2,4,1,-1
223;0;6,6,6,6,6,-1;0,1,3,4,2,-1
159;0;6,6,6,6,6,-1;0,3,1,2,4,-1
81;0;6,6,6,6,6,-1;1,2,4,0,3,-1
112;0;6,6,6,6,6,-1;0,1,3,4,2,-1
101;0;6,6,6,6,6,-1;0,2,4,3,1,-1
73;0;6,6,6,6,6,-1;4,2,3,1,0,-1
246;0;6,6,6,6,6,-1;3,4,0,2,1,-1
232;0;6,6,6,6,6,-1;1,4,0,3,2,-1
160;0;6,6,6,6,6,-1;1,3,0,2,4,-1
183;0;6,6,6,6,6,-1;3,1,4,0,2,-1
294;0;6,6,6,6,6,-1;0,4,2,3,1,-1
167;0;6,6,6,6,6,-1;0,1,2,3,4,-1
118;0;6,6,6,6,6,-1;1,4,2,0,3,-1
275;0;6,6,6,6,6,-1;3,2,0,4,1,-1
88;0;6,6,6,6,6,-1;0,3,2,4,1,-1
121;0;6,6,6,6,6,-1;3,4,0,2,1,-1
107;0;6,6,6,6,6,-1;0,1,2,3,4,-1
496;0;6,6,6,6,6,-1;4,1,0,3,2,-1
201;0;6,6,6,6,6,-1;3,0,4,2,1,-1
241;0;6,6,6,6,6,-1;1,2,3,0,4,-1
133;0;6,6,6,6,6,-1;1,2,3,4,0,-1
135;0;6,6,6,6,6,-1;2,3,4,0,1,-1
80;0;6,6,6,6,6,-1;1,2,3,4,0,-1
72;0;6,6,6,6,6,-1;0,4,2,3,1,-1
171;0;6,6,6,6,6,-1;3,2,4,1,0,-1
95;0;6,6,6,6,6,-1;1,2,3,4,0,-1
46;0;6,6,6,6,6,-1;4,2,0,3,1,-1
119;0;6,6,6,6,6,-1;2,4,3,0,1,-1
71;0;6,6,6,6,6,-1;0,2,4,3,1,-1
97;0;6,6,6,6,6,-1;4,0,2,1,3,-1
71;0;6,6,6,6,6,-1;4,0,3,1,2,-1
331;0;6,6,6,6,6,-1;4,1,2,3,0,-1
231;0;6,6,6,6,6,-1;1,0,2,4,3,-1
190;0;6,6,6,6,6,-1;1,2,0,4,3,-1
111;0;6,6,6,6,6,-1;3,1,4,2,0,-1
98;0;6,6,6,6,6,-1;2,0,3,1,4,-1
168;0;6,6,6,6,6,-1;2,4,0,3,1,-1
85;0;6,6,6,6,6,-1;3,2,1,4,0,-1
164;0;6,6,6,6,6,-1;0,2,1,3,4,-1
164;0;6,6,6,6,6,-1;3,1,0,2,4,-1
108;0;6,6,6,6,6,-1;0,3,2,1,4,-1
118;0;6,6,6,6,6,-1;4,3,0,2,1,-1
290;0;6,6,6,6,6,-1;2,3,0,4,1,-1
100;0;6,6,6,6,6,-1;0,4,3,2,1,-1
313;0;6,6,6,6,6,-1;4,3,0,1,2,-1
166;0;6,6,6,6,6,-1;1,4,0,3,2,-1
97;0;6,6,6,6,6,-1;3,2,1,4,0,-1
132;0;6,6,6,6,6,-1;3,4,0,1,2,-1
111;0;6,6,6,6,6,-1;0,3,2,4,1,-1
276;0;6,6,6,6,6,-1;1,0,4,3,2,-1
102;0;6,6,6,6,6,-1;3,4,1,2,0,-1
131;0;6,6,6,6,6,-1;3,4,0,2,1,-1
112;0;6,6,6,6,6,-1;3,0,1,4,2,-1
128;0;6,6,6,6,6,-1;1,0,4,2,3,-1
77;0;6,6,6,6,6,-1;0,3,2,4,1,-1
209;0;6,6,6,6,6,-1;3,1,0,2,4,-1
137;0;6,6,6,6,6,-1;4,0,2,3,1,-1
139;0;6,6,6,6,6,-1;1,3,4,2,0,-1
81;0;6,6,6,6,6,-1;3,1,4,0,2,-1
86;0;6,6,6,6,6,-1;4,0,3,1,2,-1
321;0;6,6,6,6,6,-1;4,2,0,1,3,-1
201;0;6,6,6,6,6,-1;0,4,2,1,3,-1
78;0;6,6,6,6,6,-1;4,0,2,3,1,-1
79;0;6,6,6,6,6,-1;0,1,2,3,4,-1
65;0;6,6,6,6,6,-1;0,1,4,2,3,-1
119;0;6,6,6,6,6,-1;4,0,3,2,1,-1
158;0;6,6,6,6,6,-1;1,2,0,4,3,-1
155;0;6,6,6,6,6,-1;4,2,3,1,0,-1
98;0;6,6,6,6,6,-1;3,0,1,4,2,-1
75;0;6,6,6,6,6,-1;0,3,1,4,2,-1
202;0;6,6,6,6,6,-1;1,3,4,0,2,-1
352;0;6,6,6,6,6,-1;1,4,2,0,3,-1
166;0;6,6,6,6,6,-1;1,4,3,2,0,-1
157;0;6,6,6,6,6,-1;2,4,3,0,1,-1
155;0;6,6,6,6,6,-1;2,4,0,1,3,-1
402;0;6,6,6,6,6,-1;1,3,2,4,0,-1
133;0;6,6,6,6,6,-1;1,4,2,0,3,-1
185;0;6,6,6,6,6,-1;0,3,2,1,4,-1
290;0;6,6,6,6,6,-1;0,3,2,1,4,-1
55;0;6,6,6,6,6,-1;1,0,2,4,3,-1
59;0;6,6,6,6,6,-1;0,3,1,4,2,-1
230;0;6,6,6,6,6,-1;4,0,3,1,2,-1
75;0;6,6,6,6,6,-1;1,3,4,2,0,-1
103;0;6,6,6,6,6,-1;1,4,3,0,2,-1
114;0;6,6,6,6,6,-1;3,4,2,0,1,-1
193;0;6,6,6,6,6,-1;0,1,3,2,4,-1
73;0;6,6,6,6,6,-1;2,3,1,0,4,-1
182;0;6,6,6,6,6,-1;2,3,4,1,0,-1
125;0;6,6,6,6,6,-1;3,2,0,1,4,-1
355;0;6,6,6,6,6,-1;3,0,2,4,1,-1
125;0;6,6,6,6,6,-1;2,3,1,0,4,-1
153;0;6,6,6,6,6,-1;3,4,0,1,2,-1
123;0;6,6,6,6,6,-1;2,3,1,4,0,-1
230;0;6,6,6,6,6,-1;1,0,2,4,3,-1
99;0;6,6,6,6,6,-1;2,1,0,4,3,-1
198;0;6,6,6,6,6,-1;2,3,0,4,1,-1
65;0;6,6,6,6,6,-1;1,2,4,3,0,-1
172;0;6,6,6,6,6,-1;0,1,3,2,4,-1
117;0;6,6,6,6,6,-1;0,3,1,2,4,-1
123;0;6,6,6,6,6,-1;4,3,2,1,0,-1
156;0;6,6,6,6,6,-1;4,2,1,0,3,-1
85;0;6,6,6,6,6,-1;2,0,3,4,1,-1
66;0;6,6,6,6,6,-1;0,3,2,1,4,-1
303;0;6,6,6,6,6,-1;2,3,4,1,0,-1
230;0;6,6,6,6,6,-1;2,0,1,3,4,-1
109;0;6,6,6,6,6,-1;0,4,2,3,1,-1
104;0;6,6,6,6,6,-1;4,1,0,2,3,-1
79;0;6,6,6,6,6,-1;0,1,2,4,3,-1
99;0;6,6,6,6,6,-1;1,4,2,0,3,-1
431;0;6,6,6,6,6,-1;3,1,0,4,2,-1
169;0;6,6,6,6,6,-1;0,2,3,1,4,-1
60;0;6,6,6,6,6,-1;2,3,0,4,1,-1
183;0;6,6,6,6,6,-1;2,3,1,0,4,-1
114;0;6,6,6,6,6,-1;0,4,2,3,1,-1
226;0;6,6,6,6,6,-1;2,1,0,4,3,-1
133;0;6,6,6,6,6,-1;4,1,3,0,2,-1
250;0;6,6,6,6,6,-1;0,3,2,4,1,-1
226;0;6,6,6,6,6,-1;1,4,0,3,2,-1
70;0;6,6,6,6,6,-1;4,2,0,3,1,-1
199;0;6,6,6,6,6,-1;1,4,0,3,2,-1
170;0;6,6,6,6,6,-1;1,2,0,4,3,-1
155;0;6,6,6,6,6,-1;4,3,1,2,0,-1
213;0;6,6,6,6,6,-1;4,2,1,3,0,-1
44;0;6,6,6,6,6,-1;2,0,3,4,1,-1
145;0;6,6,6,6,6,-1;1,4,3,2,0,-1
216;0;6,6,6,6,6,-1;1,2,3,4,0,-1
61;0;6,6,6,6,6,-1;1,0,4,2,3,-1
117;0;6,6,6,6,6,-1;0,2,1,4,3,-1
200;0;6,6,6,6,6,-1;4,3,0,2,1,-1
94;0;6,6,6,6,6,-1;3,0,2,1,4,-1
116;0;6,6,6,6,6,-1;4,3,2,0,1,-1
74;0;6,6,6,6,6,-1;0,2,4,1,3,-1
150;0;6,6,6,6,6,-1;1,3,4,0,2,-1
81;0;6,6,6,6,6,-1;0,1,4,3,2,-1
165;0;6,6,6,6,6,-1;1,0,2,3,4,-1
400;0;6,6,6,6,6,-1;0,2,3,1,4,-1
90;0;6,6,6,6,6,-1;1,2,4,0,3,-1
596;0;6,6,6,6,6,-1;3,0,1,2,4,-1
79;0;6,6,6,6,6,-1;0,2,4,1,3,-1
102;0;6,6,6,6,6,-1;1,4,3,0,2,-1
160;0;6,6,6,6,6,-1;0,2,3,1,4,-1
117;0;6,6,6,6,6,-1;0,3,4,1,2,-1
134;0;6,6,6,6,6,-1;0,4,2,3,1,-1
165;0;6,6,6,6,6,-1;2,0,1,4,3,-1
158;0;6,6,6,6,6,-1;0,3,2,1,4,-1
267;0;6,6,6,6,6,-1;4,2,3,1,0,-1
245;0;6,6,6,6,6,-1;3,4,1,0,2,-1
253;0;6,6,6,6,6,-1;2,3,4,0,1,-1
144;0;6,6,6,6,6,-1;3,4,2,1,0,-1
152;0;6,6,6,6,6,-1;1,2,0,3,4,-1
125;0;6,6,6,6,6,-1;2,3,1,4,0,-1
160;0;6,6,6,6,6,-1;4,2,3,1,0,-1
67;0;6,6,6,6,6,-1;4,0,3,1,2,-1
83;0;6,6,6,6,6,-1;3,2,4,1,0,-1
208;0;6,6,6,6,6,-1;4,1,2,0,3,-1
125;0;6,6,6,6,6,-1;4,1,3,0,2,-1
261;0;6,6,6,6,6,-1;4,3,0,1,2,-1
131;0;6,6,6,6,6,-1;1,2,3,0,4,-1
204;0;6,6,6,6,6,-1;0,3,1,4,2,-1
128;0;6,6,6,6,6,-1;0,2,1,3,4,-1
55;0;6,6,6,6,6,-1;2,4,1,3,0,-1
207;0;6,6,6,6,6,-1;2,1,4,0,3,-1
136;0;6,6,6,6,6,-1;0,3,2,4,1,-1
141;0;6,6,6,6,6,-1;0,3,1,4,2,-1
107;0;6,6,6,6,6,-1;2,1,3,0,4,-1
94;0;6,6,6,6,6,-1;2,3,1,0,4,-1
471;0;6,6,6,6,6,-1;2,0,4,1,3,-1
119;0;6,6,6,6,6,-1;1,2,0,4,3,-1
135;0;6,6,6,6,6,-1;3,0,4,2,1,-1
114;0;6,6,6,6,6,-1;4,3,0,2,1,-1
368;0;6,6,6,6,6,-1;2,4,3,0,1,-1
159;0;6,6,6,6,6,-1;1,3,4,0,2,-1
150;0;6,6,6,6,6,-1;2,0,3,1,4,-1
162;0;6,6,6,6,6,-1;0,3,4,2,1,-1
132;0;6,6,6,6,6,-1;2,3,4,0,1,-1
79;0;6,6,6,6,6,-1;4,1,0,2,3,-1
163;0;6,6,6,6,6,-1;1,2,4,0,3,-1
56;0;6,6,6,6,6,-1;4,1,2,3,0,-1
178;0;6,6,6,6,6,-1;4,1,0,2,3,-1
62;0;6,6,6,6,6,-1;4,2,3,0,1,-1
144;0;6,6,6,6,6,-1;0,4,2,3,1,-1
102;0;6,6,6,6,6,-1;4,3,0,2,1,-1
235;0;6,6,6,6,6,-1;1,0,2,4,3,-1
109;0;6,6,6,6,6,-1;1,2,0,3,4,-1
234;0;6,6,6,6,6,-1;3,4,2,1,0,-1
175;0;6,6,6,6,6,-1;2,3,4,1,0,-1
164;0;6,6,6,6,6,-1;4,0,1,3,2,-1
139;0;6,6,6,6,6,-1;3,4,0,2,1,-1
365;0;6,6,6,6,6,-1;4,1,2,3,0,-1
172;0;6,6,6,6,6,-1;3,1,4,2,0,-1
75;0;6,6,6,6,6,-1;3,2,0,1,4,-1
153;0;6,6,6,6,6,-1;1,3,4,2,0,-1
136;0;6,6,6,6,6,-1;0,3,1,2,4,-1
173;0;6,6,6,6,6,-1;0,2,1,3,4,-1
115;0;6,6,6,6,6,-1;2,0,4,3,1,-1
112;0;6,6,6,6,6,-1;1,0,2,4,3,-1
303;0;6,6,6,6,6,-1;0,4,2,3,1,-1
100;0;6,6,6,6,6,-1;2,3,4,0,1,-1
57;0;6,6,6,6,6,-1;1,2,4,3,0,-1
84;0;6,6,6,6,6,-1;4,0,3,1,2,-1
148;0;6,6,6,6,6,-1;3,0,1,2,4,-1
84;0;6,6,6,6,6,-1;0,1,3,4,2,-1
149;0;6,6,6,6,6,-1;3,0,2,1,4,-1
70;0;6,6,6,6,6,-1;3,0,2,4,1,-1
85;0;6,6,6,6,6,-1;4,2,0,1,3,-1
120;0;6,6,6,6,6,-1;0,4,1,3,2,-1
38;0;6,6,6,6,6,-1;3,0,1,2,4,-1
71;0;6,6,6,6,6,-1;1,4,3,0,2,-1
117;0;6,6,6,6,6,-1;2,0,1,4,3,-1
208;0;6,6,6,6,6,-1;3,4,2,0,1,-1
94;0;6,6,6,6,6,-1;1,4,2,3,0,-1
101;0;6,6,6,6,6,-1;3,4,0,2,1,-1
568;0;6,6,6,6,6,-1;4,3,0,2,1,-1
171;0;6,6,6,6,6,-1;3,1,4,2,0,-1
188;0;6,6,6,6,6,-1;1,2,3,0,4,-1
230;0;6,6,6,6,6,-1;2,4,1,0,3,-1
158;0;6,6,6,6,6,-1;0,2,3,4,1,-1
212;0;6,6,6,6,6,-1;1,2,3,0,4,-1
243;0;6,6,6,6,6,-1;3,1,2,0,4,-1
58;0;6,6,6,6,6,-1;1,3,2,4,0,-1
99;0;6,6,6,6,6,-1;1,4,2,3,0,-1
64;0;6,6,6,6,6,-1;2,1,0,4,3,-1
169;0;6,6,6,6,6,-1;0,3,4,1,2,-1
112;0;6,6,6,6,6,-1;1,2,0,4,3,-1
135;0;6,6,6,6,6,-1;3,4,0,2,1,-1
223;0;6,6,6,6,6,-1;1,4,0,3,2,-1
80;0;6,6,6,6,6,-1;3,0,1,4,2,-1
277;0;6,6,6,6,6,-1;1,3,0,4,2,-1
266;0;6,6,6,6,6,-1;1,4,0,3,2,-1
114;0;6,6,6,6,6,-1;0,4,3,2,1,-1
81;0;6,6,6,6,6,-1;1,4,3,0,2,-1
169;0;6,6,6,6,6,-1;0,2,1,3,4,-1
224;0;6,6,6,6,6,-1;0,1,2,4,3,-1
94;0;6,6,6,6,6,-1;4,2,1,3,0,-1
110;0;6,6,6,6,6,-1;0,3,1,4,2,-1
61;0;6,6,6,6,6,-1;3,0,1,2,4,-1
86;0;6,6,6,6,6,-1;1,3,0,4,2,-1
115;0;6,6,6,6,6,-1;1,3,4,0,2,-1
78;0;6,6,6,6,6,-1;3,4,1,0,2,-1
54;0;6,6,6,6,6,-1;3,2,0,4,1,-1
91;0;6,6,6,6,6,-1;3,0,4,1,2,-1
294;0;6,6,6,6,6,-1;2,3,1,0,4,-1
102;0;6,6,6,6,6,-1;0,1,2,4,3,-1
136;0;6,6,6,6,6,-1;1,2,4,3,0,-1
73;0;6,6,6,6,6,-1;2,0,3,4,1,-1
79;0;6,6,6,6,6,-1;2,1,3,0,4,-1
325;0;6,6,6,6,6,-1;0,4,3,1,2,-1
60;0;6,6,6,6,6,-1;3,0,2,4,1,-1
147;0;6,6,6,6,6,-1;4,3,2,0,1,-1
246;0;6,6,6,6,6,-1;0,4,3,1,2,-1
50;0;6,6,6,6,6,-1;3,4,2,1,0,-1
163;0;6,6,6,6,6,-1;1,3,2,0,4,-1
206;0;6,6,6,6,6,-1;2,0,4,1,3,-1
251;0;6,6,6,6,6,-1;4,0,3,1,2,-1
84;0;6,6,6,6,6,-1;1,0,2,3,4,-1
193;0;6,6,6,6,6,-1;2,4,3,1,0,-1
301;0;6,6,6,6,6,-1;4,2,0,1,3,-1
174;0;6,6,6,6,6,-1;4,2,1,0,3,-1
193;0;6,6,6,6,6,-1;0,2,3,4,1,-1
200;0;6,6,6,6,6,-1;4,1,3,0,2,-1
129;0;6,6,6,6,6,-1;3,4,1,2,0,-1
195;0;6,6,6,6,6,-1;3,4,2,1,0,-1
102;0;6,6,6,6,6,-1;3,2,0,4,1,-1
120;0;6,6,6,6,6,-1;4,0,2,3,1,-1
88;0;6,6,6,6,6,-1;1,3,2,0,4,-1
101;0;6,6,6,6,6,-1;0,1,2,3,4,-1
195;0;6,6,6,6,6,-1;2,0,4,1,3,-1
190;0;6,6,6,6,6,-1;4,3,2,0,1,-1
75;0;6,6,6,6,6,-1;1,4,0,2,3,-1
206;0;6,6,6,6,6,-1;0,4,2,3,1,-1
92;0;6,6,6,6,6,-1;2,3,1,4,0,-1
221;0;6,6,6,6,6,-1;2,4,1,0,3,-1
80;0;6,6,6,6,6,-1;0,3,4,2,1,-1
92;0;6,6,6,6,6,-1;3,2,0,1,4,-1
146;0;6,6,6,6,6,-1;3,1,2,0,4,-1
150;0;6,6,6,6,6,-1;3,2,1,0,4,-1
97;0;6,6,6,6,6,-1;4,1,0,3,2,-1
187;0;6,6,6,6,6,-1;3,2,1,0,4,-1
86;0;6,6,6,6,6,-1;3,4,0,2,1,-1
227;0;6,6,6,6,6,-1;4,3,0,2,1,-1
145;0;6,6,6,6,6,-1;1,3,2,0,4,-1
94;0;6,6,6,6,6,-1;3,1,2,0,4,-1
169;0;6,6,6,6,6,-1;2,1,0,4,3,-1
77;0;6,6,6,6,6,-1;2,1,3,4,0,-1
120;0;6,6,6,6,6,-1;0,2,4,1,3,-1
81;0;6,6,6,6,6,-1;1,3,4,2,0,-1
330;0;6,6,6,6,6,-1;3,4,2,1,0,-1
181;0;6,6,6,6,6,-1;2,1,0,3,4,-1
178;0;6,6,6,6,6,-1;3,0,2,1,4,-1
146;0;6,6,6,6,6,-1;2,4,1,3,0,-1
229;0;6,6,6,6,6,-1;3,1,0,4,2,-1
252;0;6,6,6,6,6,-1;2,1,4,0,3,-1
107;0;6,6,6,6,6,-1;0,1,4,3,2,-1
97;0;6,6,6,6,6,-1;0,3,2,4,1,-1
111;0;6,6,6,6,6,-1;3,0,1,2,4,-1
69;0;6,6,6,6,6,-1;4,1,0,3,2,-1
66;0;6,6,6,6,6,-1;1,2,3,0,4,-1
41;0;6,6,6,6,6,-1;0,4,1,2,3,-1
113;0;6,6,6,6,6,-1;3,1,0,2,4,-1
190;0;6,6,6,6,6,-1;1,0,2,4,3,-1
134;0;6,6,6,6,6,-1;0,2,3,1,4,-1
163;0;6,6,6,6,6,-1;1,3,0,2,4,-1
122;0;6,6,6,6,6,-1;0,4,3,1,2,-1
209;0;6,6,6,6,6,-1;2,3,4,0,1,-1
127;0;6,6,6,6,6,-1;2,4,1,3,0,-1
98;0;6,6,6,6,6,-1;2,0,1,3,4,-1
141;0;6,6,6,6,6,-1;4,0,1,3,2,-1
113;0;6,6,6,6,6,-1;3,1,0,2,4,-1
111;0;6,6,6,6,6,-1;3,2,0,1,4,-1
230;0;6,6,6,6,6,-1;3,4,1,2,0,-1
87;0;6,6,6,6,6,-1;1,3,2,4,0,-1
102;0;6,6,6,6,6,-1;1,4,3,0,2,-1
384;0;6,6,6,6,6,-1;3,0,4,1,2,-1
142;0;6,6,6,6,6,-1;3,2,4,1,0,-1
93;0;6,6,6,6,6,-1;4,2,0,1,3,-1
196;0;6,6,6,6,6,-1;2,3,1,4,0,-1
83;0;6,6,6,6,6,-1;2,1,3,0,4,-1
69;0;6,6,6,6,6,-1;2,3,1,4,0,-1
103;0;6,6,6,6,6,-1;0,2,4,3,1,-1
102;0;6,6,6,6,6,-1;0,4,1,3,2,-1
116;0;6,6,6,6,6,-1;0,3,2,4,1,-1
62;0;6,6,6,6,6,-1;3,0,1,4,2,-1
119;0;6,6,6,6,6,-1;1,4,3,2,0,-1
168;0;6,6,6,6,6,-1;0,4,1,3,2,-1
32;0;6,6,6,6,6,-1;2,0,3,1,4,-1
250;0;6,6,6,6,6,-1;0,1,4,2,3,-1
76;0;6,6,6,6,6,-1;4,3,2,1,0,-1
174;0;6,6,6,6,6,-1;3,4,1,2,0,-1
221;0;6,6,6,6,6,-1;1,3,2,4,0,-1
135;0;6,6,6,6,6,-1;4,0,3,1,2,-1
237;0;6,6,6,6,6,-1;1,4,3,0,2,-1
179;0;6,6,6,6,6,-1;2,0,1,4,3,-1
60;0;6,6,6,6,6,-1;1,0,2,4,3,-1
