46;0;6,6,6,6,6,6;1,3,4,5,2,0
90;0;6,6,6,6,6,6;5,1,4,3,0,2
130;0;6,6,6,6,6,6;4,0,3,5,2,1
151;0;6,6,6,6,6,6;3,2,5,0,1,4
85;0;6,6,6,6,6,6;1,4,0,3,2,5
118;0;6,6,6,6,6,6;4,5,3,1,0,2
67;0;6,6,6,6,6,6;0,4,1,5,2,3
147;0;6,6,6,6,6,6;2,3,4,1,0,5
241;0;6,6,6,6,6,6;5,3,0,2,4,1
83;0;6,6,6,6,6,6;5,2,4,3,1,0
164;0;6,6,6,6,6,6;2,4,1,0,3,5
150;0;6,6,6,6,6,6;4,0,2,5,1,3
229;0;6,6,6,6,6,6;1,3,0,5,4,2
64;0;6,6,6,6,6,6;2,4,5,3,0,1
106;0;6,6,6,6,6,6;1,5,2,3,0,4
87;0;6,6,6,6,6,6;3,1,0,4,5,2
131;0;6,6,6,6,6,6;5,3,2,0,1,4
75;0;6,6,6,6,6,6;5,4,2,3,0,1
350;0;6,6,6,6,6,6;4,1,0,3,2,5
178;0;6,6,6,6,6,6;5,4,0,2,3,1
197;0;6,6,6,6,6,6;1,3,0,2,5,4
186;0;6,6,6,6,6,6;1,3,2,5,4,0
161;0;6,6,6,6,6,6;4,0,1,5,2,3
111;0;6,6,6,6,6,6;3,0,2,4,5,1
129;0;6,6,6,6,6,6;1,0,3,4,2,5
110;0;6,6,6,6,6,6;0,3,4,2,1,5
84;0;6,6,6,6,6,6;3,5,4,1,2,0
124;0;6,6,6,6,6,6;5,1,0,3,2,4
136;0;6,6,6,6,6,6;3,1,4,2,0,5
176;0;6,6,6,6,6,6;1,2,0,5,3,4
208;0;6,6,6,6,6,6;5,0,4,1,3,2
144;0;6,6,6,6,6,6;4,0,2,1,5,3
212;0;6,6,6,6,6,6;3,0,5,1,4,2
69;0;6,6,6,6,6,6;2,3,4,5,1,0
51;0;6,6,6,6,6,6;0,2,1,5,4,3
101;0;6,6,6,6,6,6;2,0,3,5,4,1
133;0;6,6,6,6,6,6;4,3,0,5,2,1
166;0;6,6,6,6,6,6;3,0,1,5,4,2
168;0;6,6,6,6,6,6;3,5,0,2,1,4
320;0;6,6,6,6,6,6;1,3,5,2,0,4
84;0;6,6,6,6,6,6;4,0,1,5,2,3
107;0;6,6,6,6,6,6;5,1,3,4,0,2
190;0;6,6,6,6,6,6;5,1,4,0,3,2
388;0;6,6,6,6,6,6;5,3,2,0,4,1
393;0;6,6,6,6,6,6;3,2,0,5,4,1
70;0;6,6,6,6,6,6;2,1,5,0,3,4
227;0;6,6,6,6,6,6;0,1,2,4,5,3
99;0;6,6,6,6,6,6;2,0,1,3,5,4
138;0;6,6,6,6,6,6;4,1,0,3,5,2
265;0;6,6,6,6,6,6;2,0,4,3,1,5
164;0;6,6,6,6,6,6;3,5,2,1,0,4
132;0;6,6,6,6,6,6;1,2,0,4,5,3
96;0;6,6,6,6,6,6;5,2,4,0,1,3
153;0;6,6,6,6,6,6;2,4,5,1,0,3
270;0;6,6,6,6,6,6;3,2,0,1,5,4
64;0;6,6,6,6,6,6;5,3,2,1,4,0
62;0;6,6,6,6,6,6;0,4,1,5,3,2
153;0;6,6,6,6,6,6;4,1,2,5,3,0
97;0;6,6,6,6,6,6;3,4,2,5,0,1
143;0;6,6,6,6,6,6;2,3,4,1,5,0
259;0;6,6,6,6,6,6;2,3,0,5,4,1
121;0;6,6,6,6,6,6;2,3,5,4,0,1
269;0;6,6,6,6,6,6;5,1,3,4,0,2
39;0;6,6,6,6,6,6;4,2,1,3,0,5
117;0;6,6,6,6,6,6;3,2,4,0,5,1
82;0;6,6,6,6,6,6;2,3,5,4,1,0
92;0;6,6,6,6,6,6;2,4,1,0,5,3
177;0;6,6,6,6,6,6;5,0,1,3,2,4
38;0;6,6,6,6,6,6;0,3,5,1,4,2
68;0;6,6,6,6,6,6;5,2,4,3,1,0
193;0;6,6,6,6,6,6;4,3,2,1,0,5
76;0;6,6,6,6,6,6;2,1,3,4,0,5
82;0;6,6,6,6,6,6;1,3,2,0,5,4
156;0;6,6,6,6,6,6;5,1,0,3,2,4
102;0;6,6,6,6,6,6;5,0,2,3,4,1
63;0;6,6,6,6,6,6;3,5,1,2,0,4
124;0;6,6,6,6,6,6;0,1,5,3,2,4
71;0;6,6,6,6,6,6;1,5,0,2,3,4
80;0;6,6,6,6,6,6;1,2,4,3,0,5
410;0;6,6,6,6,6,6;0,2,5,3,1,4
263;0;6,6,6,6,6,6;0,4,3,2,5,1
143;0;6,6,6,6,6,6;2,3,5,4,0,1
150;0;6,6,6,6,6,6;0,2,5,1,3,4
108;0;6,6,6,6,6,6;5,3,2,4,0,1
338;0;6,6,6,6,6,6;1,0,5,4,2,3
88;0;6,6,6,6,6,6;3,1,0,2,5,4
271;0;6,6,6,6,6,6;3,4,0,5,1,2
452;0;6,6,6,6,6,6;0,1,3,2,5,4
136;0;6,6,6,6,6,6;1,3,0,5,2,4
85;0;6,6,6,6,6,6;5,3,4,0,1,2
228;0;6,6,6,6,6,6;0,4,2,3,5,1
51;0;6,6,6,6,6,6;1,3,0,5,4,2
134;0;6,6,6,6,6,6;1,5,0,2,3,4
170;0;6,6,6,6,6,6;3,2,1,0,5,4
577;0;6,6,6,6,6,6;3,1,5,2,0,4
271;0;6,6,6,6,6,6;2,0,3,1,4,5
432;0;6,6,6,6,6,6;4,5,1,3,2,0
169;0;6,6,6,6,6,6;3,4,1,5,0,2
149;0;6,6,6,6,6,6;3,5,0,1,4,2
128;0;6,6,6,6,6,6;2,1,5,4,0,3
618;0;6,6,6,6,6,6;5,3,1,2,0,4
163;0;6,6,6,6,6,6;5,4,1,3,2,0
94;0;6,6,6,6,6,6;1,4,3,5,0,2
53;0;6,6,6,6,6,6;2,5,1,3,0,4
598;0;6,6,6,6,6,6;3,2,1,4,0,5
247;0;6,6,6,6,6,6;4,2,3,5,1,0
171;0;6,6,6,6,6,6;2,0,5,3,4,1
108;0;6,6,6,6,6,6;3,4,1,0,5,2
220;0;6,6,6,6,6,6;5,0,4,1,3,2
249;0;6,6,6,6,6,6;4,2,3,5,0,1
128;0;6,6,6,6,6,6;4,1,3,0,2,5
69;0;6,6,6,6,6,6;0,2,5,1,3,4
71;0;6,6,6,6,6,6;3,4,2,1,0,5
221;0;6,6,6,6,6,6;0,4,3,2,5,1
118;0;6,6,6,6,6,6;1,3,4,2,5,0
150;0;6,6,6,6,6,6;5,2,1,3,0,4
386;0;6,6,6,6,6,6;3,4,1,0,2,5
87;0;6,6,6,6,6,6;3,0,1,4,2,5
295;0;6,6,6,6,6,6;4,3,2,1,5,0
88;0;6,6,6,6,6,6;3,2,1,5,4,0
102;0;6,6,6,6,6,6;0,1,2,5,3,4
210;0;6,6,6,6,6,6;1,0,2,4,5,3
73;0;6,6,6,6,6,6;4,3,2,0,5,1
87;0;6,6,6,6,6,6;1,4,3,2,0,5
144;0;6,6,6,6,6,6;0,3,5,4,1,2
99;0;6,6,6,6,6,6;2,5,4,1,3,0
218;0;6,6,6,6,6,6;1,3,2,5,4,0
220;0;6,6,6,6,6,6;5,3,0,1,2,4
51;0;6,6,6,6,6,6;5,3,2,4,0,1
94;0;6,6,6,6,6,6;1,3,4,5,2,0
216;0;6,6,6,6,6,6;3,2,1,4,5,0
307;0;6,6,6,6,6,6;1,0,4,5,2,3
67;0;6,6,6,6,6,6;4,0,3,2,5,1
93;0;6,6,6,6,6,6;4,5,2,3,1,0
97;0;6,6,6,6,6,6;4,0,5,3,1,2
150;0;6,6,6,6,6,6;2,5,1,4,3,0
118;0;6,6,6,6,6,6;1,2,3,5,4,0
73;0;6,6,6,6,6,6;4,0,1,2,5,3
311;0;6,6,6,6,6,6;1,3,5,0,4,2
444;0;6,6,6,6,6,6;3,0,1,5,4,2
127;0;6,6,6,6,6,6;2,4,0,5,3,1
108;0;6,6,6,6,6,6;1,0,5,3,4,2
210;0;6,6,6,6,6,6;4,1,3,5,2,0
96;0;6,6,6,6,6,6;5,0,3,4,1,2
55;0;6,6,6,6,6,6;2,1,5,3,0,4
81;0;6,6,6,6,6,6;2,0,3,1,4,5
111;0;6,6,6,6,6,6;2,1,5,3,0,4
134;0;6,6,6,6,6,6;0,4,3,5,2,1
166;0;6,6,6,6,6,6;1,0,3,2,4,5
284;0;6,6,6,6,6,6;0,1,2,4,3,5
77;0;6,6,6,6,6,6;5,1,4,2,3,0
109;0;6,6,6,6,6,6;2,0,5,4,1,3
83;0;6,6,6,6,6,6;3,1,5,0,2,4
232;0;6,6,6,6,6,6;4,5,1,2,3,0
64;0;6,6,6,6,6,6;2,0,1,4,3,5
103;0;6,6,6,6,6,6;4,1,3,2,5,0
293;0;6,6,6,6,6,6;1,0,2,4,5,3
95;0;6,6,6,6,6,6;5,3,4,2,1,0
98;0;6,6,6,6,6,6;4,3,2,1,5,0
99;0;6,6,6,6,6,6;2,5,1,3,4,0
92;0;6,6,6,6,6,6;3,1,0,2,5,4
90;0;6,6,6,6,6,6;0,3,1,4,5,2
44;0;6,6,6,6,6,6;0,5,4,3,2,1
100;0;6,6,6,6,6,6;2,4,5,3,1,0
99;0;6,6,6,6,6,6;1,3,2,4,5,0
330;0;6,6,6,6,6,6;1,3,4,2,0,5
137;0;6,6,6,6,6,6;4,1,2,5,0,3
156;0;6,6,6,6,6,6;4,1,2,3,0,5
247;0;6,6,6,6,6,6;5,0,4,2,1,3
189;0;6,6,6,6,6,6;2,1,4,5,3,0
140;0;6,6,6,6,6,6;2,3,5,0,1,4
94;0;6,6,6,6,6,6;5,4,3,2,0,1
106;0;6,6,6,6,6,6;1,3,4,5,0,2
193;0;6,6,6,6,6,6;1,3,0,4,5,2
119;0;6,6,6,6,6,6;4,1,5,2,0,3
144;0;6,6,6,6,6,6;4,5,3,2,1,0
72;0;6,6,6,6,6,6;2,5,3,1,4,0
77;0;6,6,6,6,6,6;1,4,2,3,5,0
102;0;6,6,6,6,6,6;0,2,4,1,5,3
70;0;6,6,6,6,6,6;5,2,3,0,4,1
253;0;6,6,6,6,6,6;3,0,1,4,5,2
61;0;6,6,6,6,6,6;5,1,4,0,2,3
114;0;6,6,6,6,6,6;0,1,4,5,2,3
154;0;6,6,6,6,6,6;5,0,4,2,1,3
250;0;6,6,6,6,6,6;2,4,5,1,0,3
114;0;6,6,6,6,6,6;2,3,0,5,4,1
143;0;6,6,6,6,6,6;5,4,1,0,2,3
214;0;6,6,6,6,6,6;4,2,3,5,0,1
199;0;6,6,6,6,6,6;4,5,3,2,0,1
62;0;6,6,6,6,6,6;5,3,0,4,2,1
150;0;6,6,6,6,6,6;5,0,2,3,4,1
55;0;6,6,6,6,6,6;4,0,5,1,3,2
114;0;6,6,6,6,6,6;5,2,3,4,1,0
177;0;6,6,6,6,6,6;1,5,4,3,2,0
101;0;6,6,6,6,6,6;1,5,3,4,0,2
102;0;6,6,6,6,6,6;2,0,1,4,3,5
141;0;6,6,6,6,6,6;4,5,0,3,1,2
135;0;6,6,6,6,6,6;0,5,1,4,3,2
148;0;6,6,6,6,6,6;1,5,0,3,2,4
106;0;6,6,6,6,6,6;0,3,1,4,5,2
236;0;6,6,6,6,6,6;4,1,3,0,5,2
77;0;6,6,6,6,6,6;4,3,5,1,0,2
90;0;6,6,6,6,6,6;3,5,1,4,0,2
144;0;6,6,6,6,6,6;4,5,2,0,1,3
161;0;6,6,6,6,6,6;2,4,1,0,5,3
41;0;6,6,6,6,6,6;0,4,2,5,3,1
299;0;6,6,6,6,6,6;0,3,5,4,2,1
124;0;6,6,6,6,6,6;2,1,0,5,3,4
56;0;6,6,6,6,6,6;0,2,1,4,3,5
117;0;6,6,6,6,6,6;5,1,4,3,2,0
111;0;6,6,6,6,6,6;5,4,3,1,2,0
206;0;6,6,6,6,6,6;2,0,1,5,3,4
68;0;6,6,6,6,6,6;1,5,3,0,2,4
83;0;6,6,6,6,6,6;3,2,1,4,0,5
157;0;6,6,6,6,6,6;1,0,2,3,5,4
140;0;6,6,6,6,6,6;4,3,0,2,5,1
184;0;6,6,6,6,6,6;4,0,2,1,3,5
66;0;6,6,6,6,6,6;2,0,1,3,4,5
113;0;6,6,6,6,6,6;0,5,3,1,4,2
67;0;6,6,6,6,6,6;4,0,1,5,2,3
368;0;6,6,6,6,6,6;3,2,4,1,5,0
221;0;6,6,6,6,6,6;4,5,2,3,1,0
547;0;6,6,6,6,6,6;4,1,5,0,3,2
117;0;6,6,6,6,6,6;4,0,2,3,5,1
179;0;6,6,6,6,6,6;4,5,1,2,3,0
83;0;6,6,6,6,6,6;4,1,5,3,0,2
197;0;6,6,6,6,6,6;3,1,5,2,4,0
122;0;6,6,6,6,6,6;2,1,4,5,0,3
61;0;6,6,6,6,6,6;2,5,4,0,1,3
62;0;6,6,6,6,6,6;5,1,0,4,3,2
222;0;6,6,6,6,6,6;4,1,5,0,2,3
83;0;6,6,6,6,6,6;3,4,5,1,2,0
138;0;6,6,6,6,6,6;2,4,5,3,0,1
310;0;6,6,6,6,6,6;3,1,5,4,0,2
86;0;6,6,6,6,6,6;5,2,0,1,3,4
102;0;6,6,6,6,6,6;5,1,4,3,2,0
54;0;6,6,6,6,6,6;0,4,1,2,5,3
274;0;6,6,6,6,6,6;5,2,0,4,1,3
343;0;6,6,6,6,6,6;4,3,2,5,1,0
64;0;6,6,6,6,6,6;1,2,0,4,5,3
72;0;6,6,6,6,6,6;4,1,2,3,5,0
106;0;6,6,6,6,6,6;3,1,5,0,2,4
261;0;6,6,6,6,6,6;2,3,0,4,5,1
197;0;6,6,6,6,6,6;2,5,3,4,0,1
51;0;6,6,6,6,6,6;2,5,4,0,1,3
234;0;6,6,6,6,6,6;3,4,2,0,5,1
182;0;6,6,6,6,6,6;5,0,4,2,3,1
154;0;6,6,6,6,6,6;5,1,3,4,0,2
267;0;6,6,6,6,6,6;4,0,3,5,1,2
128;0;6,6,6,6,6,6;2,0,3,5,4,1
77;0;6,6,6,6,6,6;1,0,5,4,2,3
84;0;6,6,6,6,6,6;3,0,5,2,1,4
120;0;6,6,6,6,6,6;3,4,0,5,2,1
117;0;6,6,6,6,6,6;0,4,1,3,5,2
185;0;6,6,6,6,6,6;1,2,3,5,4,0
128;0;6,6,6,6,6,6;5,4,2,1,0,3
150;0;6,6,6,6,6,6;5,3,0,4,2,1
91;0;6,6,6,6,6,6;1,3,0,4,5,2
75;0;6,6,6,6,6,6;1,5,3,4,2,0
76;0;6,6,6,6,6,6;3,4,0,5,1,2
103;0;6,6,6,6,6,6;5,4,3,0,1,2
157;0;6,6,6,6,6,6;1,4,0,2,5,3
182;0;6,6,6,6,6,6;3,1,5,0,4,2
280;0;6,6,6,6,6,6;5,2,3,0,1,4
175;0;6,6,6,6,6,6;2,5,4,0,3,1
83;0;6,6,6,6,6,6;5,1,2,4,0,3
93;0;6,6,6,6,6,6;4,2,1,5,0,3
66;0;6,6,6,6,6,6;2,0,1,5,3,4
87;0;6,6,6,6,6,6;4,2,1,0,3,5
212;0;6,6,6,6,6,6;4,3,2,0,1,5
85;0;6,6,6,6,6,6;5,1,3,4,2,0
361;0;6,6,6,6,6,6;5,0,1,4,3,2
230;0;6,6,6,6,6,6;4,5,1,3,0,2
81;0;6,6,6,6,6,6;5,2,0,3,4,1
97;0;6,6,6,6,6,6;1,3,0,5,4,2
72;0;6,6,6,6,6,6;5,1,2,3,4,0
150;0;6,6,6,6,6,6;4,0,2,5,3,1
141;0;6,6,6,6,6,6;1,4,0,5,2,3
112;0;6,6,6,6,6,6;2,3,0,5,4,1
145;0;6,6,6,6,6,6;5,4,1,2,0,3
55;0;6,6,6,6,6,6;0,5,1,2,4,3
84;0;6,6,6,6,6,6;1,0,2,3,5,4
72;0;6,6,6,6,6,6;1,5,4,0,2,3
57;0;6,6,6,6,6,6;1,3,0,5,2,4
228;0;6,6,6,6,6,6;2,0,3,5,4,1
59;0;6,6,6,6,6,6;4,3,2,5,0,1
374;0;6,6,6,6,6,6;1,2,0,5,4,3
177;0;6,6,6,6,6,6;5,0,3,4,2,1
510;0;6,6,6,6,6,6;3,2,1,0,5,4
91;0;6,6,6,6,6,6;3,4,5,1,0,2
115;0;6,6,6,6,6,6;3,1,4,5,2,0
364;0;6,6,6,6,6,6;5,2,0,4,3,1
171;0;6,6,6,6,6,6;4,5,2,0,1,3
88;0;6,6,6,6,6,6;3,4,2,1,0,5
120;0;6,6,6,6,6,6;0,1,3,4,2,5
132;0;6,6,6,6,6,6;2,1,0,4,5,3
292;0;6,6,6,6,6,6;0,2,5,4,1,3
364;0;6,6,6,6,6,6;1,0,3,4,2,5
145;0;6,6,6,6,6,6;4,0,3,5,1,2
146;0;6,6,6,6,6,6;1,0,4,3,2,5
116;0;6,6,6,6,6,6;4,5,2,1,0,3
89;0;6,6,6,6,6,6;3,4,5,2,0,1
73;0;6,6,6,6,6,6;0,2,1,4,5,3
210;0;6,6,6,6,6,6;0,2,5,1,3,4
80;0;6,6,6,6,6,6;0,4,2,3,1,5
222;0;6,6,6,6,6,6;2,0,4,5,1,3
230;0;6,6,6,6,6,6;5,2,1,3,4,0
182;0;6,6,6,6,6,6;1,2,5,0,3,4
126;0;6,6,6,6,6,6;1,0,5,4,2,3
89;0;6,6,6,6,6,6;5,0,1,3,2,4
97;0;6,6,6,6,6,6;2,3,5,1,4,0
109;0;6,6,6,6,6,6;4,3,0,2,5,1
198;0;6,6,6,6,6,6;2,4,3,1,5,0
267;0;6,6,6,6,6,6;0,1,5,3,2,4
110;0;6,6,6,6,6,6;4,0,1,2,5,3
77;0;6,6,6,6,6,6;5,3,4,0,2,1
105;0;6,6,6,6,6,6;5,4,2,0,1,3
312;0;6,6,6,6,6,6;2,1,4,5,0,3
40;0;6,6,6,6,6,6;1,4,2,3,0,5
133;0;6,6,6,6,6,6;0,2,4,1,3,5
106;0;6,6,6,6,6,6;5,2,1,0,3,4
179;0;6,6,6,6,6,6;2,5,1,4,3,0
124;0;6,6,6,6,6,6;3,5,1,4,0,2
157;0;6,6,6,6,6,6;2,0,4,1,3,5
301;0;6,6,6,6,6,6;1,5,4,2,0,3
100;0;6,6,6,6,6,6;2,1,4,3,5,0
155;0;6,6,6,6,6,6;2,3,0,1,4,5
347;0;6,6,6,6,6,6;2,3,4,5,0,1
87;0;6,6,6,6,6,6;3,2,4,1,5,0
100;0;6,6,6,6,6,6;3,0,4,1,2,5
73;0;6,6,6,6,6,6;4,1,2,0,3,5
170;0;6,6,6,6,6,6;1,4,2,5,0,3
67;0;6,6,6,6,6,6;0,5,4,1,2,3
66;0;6,6,6,6,6,6;2,4,0,1,5,3
96;0;6,6,6,6,6,6;0,5,3,2,1,4
182;0;6,6,6,6,6,6;2,5,4,0,1,3
218;0;6,6,6,6,6,6;0,4,5,1,2,3
329;0;6,6,6,6,6,6;3,2,1,5,0,4
163;0;6,6,6,6,6,6;2,1,4,0,5,3
174;0;6,6,6,6,6,6;5,4,0,3,1,2
808;0;6,6,6,6,6,6;3,1,2,5,4,0
103;0;6,6,6,6,6,6;3,0,5,2,1,4
73;0;6,6,6,6,6,6;4,1,0,3,5,2
166;0;6,6,6,6,6,6;4,0,2,1,3,5
232;0;6,6,6,6,6,6;4,5,3,2,0,1
125;0;6,6,6,6,6,6;0,2,3,4,5,1
190;0;6,6,6,6,6,6;2,1,4,0,5,3
148;0;6,6,6,6,6,6;0,4,1,3,2,5
169;0;6,6,6,6,6,6;1,4,2,0,5,3
486;0;6,6,6,6,6,6;5,1,0,3,4,2
76;0;6,6,6,6,6,6;0,5,1,3,2,4
293;0;6,6,6,6,6,6;3,4,0,1,5,2
178;0;6,6,6,6,6,6;3,2,0,1,5,4
194;0;6,6,6,6,6,6;5,4,2,0,3,1
367;0;6,6,6,6,6,6;4,0,5,3,1,2
232;0;6,6,6,6,6,6;0,1,2,5,4,3
120;0;6,6,6,6,6,6;4,1,3,5,2,0
75;0;6,6,6,6,6,6;5,1,0,2,3,4
107;0;6,6,6,6,6,6;4,0,3,2,1,5
183;0;6,6,6,6,6,6;4,0,1,5,3,2
292;0;6,6,6,6,6,6;3,1,0,2,5,4
202;0;6,6,6,6,6,6;2,3,1,0,5,4
162;0;6,6,6,6,6,6;4,1,0,3,2,5
194;0;6,6,6,6,6,6;4,5,1,0,2,3
68;0;6,6,6,6,6,6;3,4,0,1,5,2
134;0;6,6,6,6,6,6;1,5,2,0,4,3
95;0;6,6,6,6,6,6;2,3,0,1,4,5
79;0;6,6,6,6,6,6;4,2,5,0,3,1
342;0;6,6,6,6,6,6;5,0,1,2,3,4
179;0;6,6,6,6,6,6;4,2,1,5,3,0
211;0;6,6,6,6,6,6;1,5,3,2,0,4
121;0;6,6,6,6,6,6;3,1,4,2,5,0
255;0;6,6,6,6,6,6;4,1,0,2,3,5
206;0;6,6,6,6,6,6;0,3,1,5,4,2
173;0;6,6,6,6,6,6;2,5,4,3,0,1
293;0;6,6,6,6,6,6;5,4,0,3,1,2
259;0;6,6,6,6,6,6;5,0,2,1,3,4
98;0;6,6,6,6,6,6;2,4,5,0,1,3
81;0;6,6,6,6,6,6;2,0,4,3,1,5
56;0;6,6,6,6,6,6;3,2,4,0,1,5
311;0;6,6,6,6,6,6;2,1,0,4,3,5
368;0;6,6,6,6,6,6;5,2,1,3,4,0
163;0;6,6,6,6,6,6;0,5,2,1,4,3
199;0;6,6,6,6,6,6;5,1,3,0,4,2
187;0;6,6,6,6,6,6;4,0,3,2,5,1
193;0;6,6,6,6,6,6;0,5,4,2,3,1
94;0;6,6,6,6,6,6;2,3,1,0,4,5
155;0;6,6,6,6,6,6;0,4,2,5,1,3
309;0;6,6,6,6,6,6;3,0,5,1,2,4
160;0;6,6,6,6,6,6;0,4,1,5,2,3
201;0;6,6,6,6,6,6;2,1,5,4,3,0
90;0;6,6,6,6,6,6;2,3,5,1,0,4
370;0;6,6,6,6,6,6;2,5,3,0,4,1
432;0;6,6,6,6,6,6;0,4,3,1,2,5
84;0;6,6,6,6,6,6;1,3,5,4,2,0
353;0;6,6,6,6,6,6;5,2,1,0,3,4
90;0;6,6,6,6,6,6;0,4,3,2,5,1
126;0;6,6,6,6,6,6;0,3,2,1,4,5
220;0;6,6,6,6,6,6;0,5,1,3,2,4
201;0;6,6,6,6,6,6;2,4,0,1,3,5
107;0;6,6,6,6,6,6;5,3,1,2,4,0
61;0;6,6,6,6,6,6;0,4,3,2,5,1
142;0;6,6,6,6,6,6;1,3,4,2,5,0
64;0;6,6,6,6,6,6;2,1,3,0,5,4
239;0;6,6,6,6,6,6;0,3,1,4,5,2
122;0;6,6,6,6,6,6;4,5,1,2,3,0
279;0;6,6,6,6,6,6;1,4,3,2,5,0
108;0;6,6,6,6,6,6;2,3,0,4,5,1
91;0;6,6,6,6,6,6;0,4,2,5,1,3
95;0;6,6,6,6,6,6;5,4,3,1,2,0
76;0;6,6,6,6,6,6;1,2,0,3,4,5
274;0;6,6,6,6,6,6;3,1,4,2,0,5
191;0;6,6,6,6,6,6;0,5,1,3,4,2
62;0;6,6,6,6,6,6;5,0,1,2,4,3
125;0;6,6,6,6,6,6;5,3,4,2,0,1
119;0;6,6,6,6,6,6;1,2,3,4,0,5
93;0;6,6,6,6,6,6;5,3,0,4,1,2
145;0;6,6,6,6,6,6;5,1,2,0,4,3
106;0;6,6,6,6,6,6;4,2,3,1,5,0
264;0;6,6,6,6,6,6;2,4,5,0,3,1
270;0;6,6,6,6,6,6;1,4,0,2,5,3
309;0;6,6,6,6,6,6;2,3,0,4,5,1
124;0;6,6,6,6,6,6;2,3,0,1,4,5
72;0;6,6,6,6,6,6;5,1,2,4,0,3
178;0;6,6,6,6,6,6;5,3,4,1,2,0
71;0;6,6,6,6,6,6;1,5,0,4,2,3
83;0;6,6,6,6,6,6;0,1,5,3,4,2
69;0;6,6,6,6,6,6;1,4,5,2,0,3
162;0;6,6,6,6,6,6;3,5,2,4,0,1
101;0;6,6,6,6,6,6;5,3,4,2,0,1
175;0;6,6,6,6,6,6;0,3,1,2,4,5
323;0;6,6,6,6,6,6;1,3,2,0,5,4
355;0;6,6,6,6,6,6;2,1,0,3,5,4
179;0;6,6,6,6,6,6;1,2,5,4,3,0
122;0;6,6,6,6,6,6;3,5,4,1,0,2
144;0;6,6,6,6,6,6;5,4,1,2,0,3
137;0;6,6,6,6,6,6;3,4,1,5,0,2
65;0;6,6,6,6,6,6;2,5,3,1,4,0
75;0;6,6,6,6,6,6;2,4,0,3,1,5
126;0;6,6,6,6,6,6;4,2,0,3,1,5
505;0;6,6,6,6,6,6;4,5,0,2,3,1
107;0;6,6,6,6,6,6;1,3,4,5,2,0
110;0;6,6,6,6,6,6;1,5,0,4,3,2
63;0;6,6,6,6,6,6;2,1,4,3,0,5
192;0;6,6,6,6,6,6;3,1,0,4,2,5
164;0;6,6,6,6,6,6;5,0,2,1,4,3
43;0;6,6,6,6,6,6;2,0,4,3,5,1
59;0;6,6,6,6,6,6;3,0,2,5,1,4
113;0;6,6,6,6,6,6;2,3,4,0,1,5
132;0;6,6,6,6,6,6;2,0,1,5,4,3
160;0;6,6,6,6,6,6;1,3,0,5,4,2
87;0;6,6,6,6,6,6;0,2,1,5,3,4
65;0;6,6,6,6,6,6;0,5,1,2,4,3
70;0;6,6,6,6,6,6;5,2,0,1,3,4
75;0;6,6,6,6,6,6;0,5,4,1,2,3
161;0;6,6,6,6,6,6;5,2,1,3,4,0
145;0;6,6,6,6,6,6;2,5,1,0,3,4
211;0;6,6,6,6,6,6;3,0,1,2,5,4
126;0;6,6,6,6,6,6;0,5,1,3,4,2
168;0;6,6,6,6,6,6;0,3,2,1,5,4
243;0;6,6,6,6,6,6;0,1,3,2,5,4
70;0;6,6,6,6,6,6;5,2,3,0,4,1
185;0;6,6,6,6,6,6;0,3,1,5,4,2
80;0;6,6,6,6,6,6;0,3,5,4,2,1
119;0;6,6,6,6,6,6;5,4,1,3,0,2
107;0;6,6,6,6,6,6;0,1,2,5,3,4
128;0;6,6,6,6,6,6;0,1,2,4,3,5
139;0;6,6,6,6,6,6;5,0,2,4,3,1
160;0;6,6,6,6,6,6;2,4,0,5,1,3
501;0;6,6,6,6,6,6;3,1,2,0,5,4
59;0;6,6,6,6,6,6;0,4,2,1,3,5
151;0;6,6,6,6,6,6;5,4,0,3,2,1
85;0;6,6,6,6,6,6;5,4,2,3,0,1
115;0;6,6,6,6,6,6;5,1,2,4,0,3
69;0;6,6,6,6,6,6;4,0,5,1,3,2
67;0;6,6,6,6,6,6;3,0,5,2,4,1
69;0;6,6,6,6,6,6;0,2,1,5,3,4
229;0;6,6,6,6,6,6;5,3,2,4,1,0
118;0;6,6,6,6,6,6;2,3,5,0,1,4
78;0;6,6,6,6,6,6;0,5,3,4,1,2
93;0;6,6,6,6,6,6;0,4,5,2,3,1
126;0;6,6,6,6,6,6;1,0,3,2,4,5
112;0;6,6,6,6,6,6;0,1,3,5,4,2
128;0;6,6,6,6,6,6;3,5,4,1,2,0
90;0;6,6,6,6,6,6;5,3,1,0,4,2
78;0;6,6,6,6,6,6;1,4,5,2,0,3
76;0;6,6,6,6,6,6;5,1,0,2,4,3
131;0;6,6,6,6,6,6;4,5,2,3,1,0
49;0;6,6,6,6,6,6;1,4,0,2,3,5
204;0;6,6,6,6,6,6;3,4,5,2,1,0
294;0;6,6,6,6,6,6;2,5,1,3,4,0
106;0;6,6,6,6,6,6;0,4,2,3,1,5
241;0;6,6,6,6,6,6;2,3,0,5,4,1
279;0;6,6,6,6,6,6;4,0,1,2,3,5
248;0;6,6,6,6,6,6;1,4,5,2,0,3
183;0;6,6,6,6,6,6;1,4,0,2,3,5
299;0;6,6,6,6,6,6;2,3,5,0,1,4
109;0;6,6,6,6,6,6;0,1,2,3,5,4
70;0;6,6,6,6,6,6;5,0,4,2,3,1
110;0;6,6,6,6,6,6;2,1,0,3,5,4
65;0;6,6,6,6,6,6;3,5,2,1,4,0
154;0;6,6,6,6,6,6;1,5,4,2,0,3
88;0;6,6,6,6,6,6;0,3,2,5,1,4
114;0;6,6,6,6,6,6;1,2,4,5,3,0
87;0;6,6,6,6,6,6;4,3,1,2,0,5
427;0;6,6,6,6,6,6;1,5,3,4,2,0
223;0;6,6,6,6,6,6;1,0,5,2,3,4
47;0;6,6,6,6,6,6;1,4,0,5,2,3
89;0;6,6,6,6,6,6;1,5,2,3,0,4
54;0;6,6,6,6,6,6;1,0,3,2,5,4
117;0;6,6,6,6,6,6;4,5,2,3,0,1
84;0;6,6,6,6,6,6;4,5,0,1,3,2
127;0;6,6,6,6,6,6;1,2,5,3,4,0
165;0;6,6,6,6,6,6;0,5,2,4,1,3
100;0;6,6,6,6,6,6;1,2,0,5,4,3
152;0;6,6,6,6,6,6;2,1,4,0,3,5
175;0;6,6,6,6,6,6;0,2,4,3,1,5
85;0;6,6,6,6,6,6;2,5,1,0,4,3
48;0;6,6,6,6,6,6;5,2,1,4,0,3
313;0;6,6,6,6,6,6;4,0,5,2,3,1
89;0;6,6,6,6,6,6;0,2,4,1,5,3
329;0;6,6,6,6,6,6;0,4,1,2,5,3
241;0;6,6,6,6,6,6;5,3,2,0,1,4
179;0;6,6,6,6,6,6;3,2,4,1,5,0
95;0;6,6,6,6,6,6;2,4,1,3,5,0
236;0;6,6,6,6,6,6;5,0,3,4,2,1
87;0;6,6,6,6,6,6;5,4,2,0,3,1
428;0;6,6,6,6,6,6;4,2,0,3,1,5
127;0;6,6,6,6,6,6;5,0,3,1,4,2
378;0;6,6,6,6,6,6;3,0,4,2,5,1
140;0;6,6,6,6,6,6;5,2,1,0,3,4
264;0;6,6,6,6,6,6;3,5,1,0,2,4
69;0;6,6,6,6,6,6;0,4,2,1,5,3
109;0;6,6,6,6,6,6;0,4,5,1,3,2
170;0;6,6,6,6,6,6;3,1,2,5,4,0
79;0;6,6,6,6,6,6;1,0,5,3,4,2
210;0;6,6,6,6,6,6;2,1,0,5,4,3
77;0;6,6,6,6,6,6;4,3,2,1,0,5
112;0;6,6,6,6,6,6;1,3,0,2,5,4
66;0;6,6,6,6,6,6;2,5,3,1,4,0
47;0;6,6,6,6,6,6;1,3,4,0,2,5
39;0;6,6,6,6,6,6;4,2,3,5,1,0
90;0;6,6,6,6,6,6;2,4,1,0,5,3
353;0;6,6,6,6,6,6;4,3,0,5,1,2
175;0;6,6,6,6,6,6;5,2,0,1,3,4
82;0;6,6,6,6,6,6;2,0,1,5,3,4
79;0;6,6,6,6,6,6;1,4,3,5,0,2
129;0;6,6,6,6,6,6;4,1,0,2,5,3
162;0;6,6,6,6,6,6;3,1,5,2,0,4
202;0;6,6,6,6,6,6;2,3,4,0,1,5
57;0;6,6,6,6,6,6;3,2,4,1,0,5
67;0;6,6,6,6,6,6;3,4,0,5,1,2
123;0;6,6,6,6,6,6;5,4,3,1,0,2
72;0;6,6,6,6,6,6;4,3,0,2,5,1
682;0;6,6,6,6,6,6;4,5,0,1,2,3
91;0;6,6,6,6,6,6;3,1,2,5,4,0
162;0;6,6,6,6,6,6;0,2,5,3,4,1
57;0;6,6,6,6,6,6;0,3,1,4,2,5
234;0;6,6,6,6,6,6;3,1,0,5,2,4
95;0;6,6,6,6,6,6;2,0,3,5,4,1
90;0;6,6,6,6,6,6;5,3,4,0,1,2
137;0;6,6,6,6,6,6;2,0,4,1,5,3
375;0;6,6,6,6,6,6;0,5,4,1,3,2
62;0;6,6,6,6,6,6;3,5,0,2,4,1
196;0;6,6,6,6,6,6;0,1,4,5,2,3
121;0;6,6,6,6,6,6;2,5,3,0,1,4
81;0;6,6,6,6,6,6;2,0,5,4,3,1
113;0;6,6,6,6,6,6;0,4,5,1,2,3
187;0;6,6,6,6,6,6;2,4,1,5,0,3
87;0;6,6,6,6,6,6;3,5,1,4,2,0
335;0;6,6,6,6,6,6;5,0,1,2,4,3
80;0;6,6,6,6,6,6;5,3,4,1,0,2
123;0;6,6,6,6,6,6;3,1,4,0,2,5
479;0;6,6,6,6,6,6;4,1,5,0,3,2
74;0;6,6,6,6,6,6;1,0,3,2,5,4
53;0;6,6,6,6,6,6;3,5,4,0,1,2
329;0;6,6,6,6,6,6;1,5,2,3,0,4
237;0;6,6,6,6,6,6;2,0,3,5,1,4
63;0;6,6,6,6,6,6;1,0,4,5,2,3
190;0;6,6,6,6,6,6;1,2,0,4,3,5
72;0;6,6,6,6,6,6;2,3,5,0,4,1
203;0;6,6,6,6,6,6;3,4,5,1,2,0
107;0;6,6,6,6,6,6;5,3,0,4,2,1
115;0;6,6,6,6,6,6;0,4,5,1,2,3
107;0;6,6,6,6,6,6;4,0,3,5,2,1
223;0;6,6,6,6,6,6;5,2,4,1,0,3
107;0;6,6,6,6,6,6;3,1,2,5,0,4
156;0;6,6,6,6,6,6;3,1,0,4,5,2
110;0;6,6,6,6,6,6;1,4,0,3,5,2
191;0;6,6,6,6,6,6;5,0,1,2,4,3
203;0;6,6,6,6,6,6;1,5,0,3,4,2
196;0;6,6,6,6,6,6;3,4,0,5,1,2
119;0;6,6,6,6,6,6;1,3,2,0,4,5
112;0;6,6,6,6,6,6;5,0,4,1,3,2
112;0;6,6,6,6,6,6;1,5,3,4,2,0
128;0;6,6,6,6,6,6;4,1,2,5,3,0
164;0;6,6,6,6,6,6;2,3,0,1,5,4
107;0;6,6,6,6,6,6;3,0,1,4,5,2
109;0;6,6,6,6,6,6;1,4,2,0,5,3
348;0;6,6,6,6,6,6;0,1,4,3,5,2
82;0;6,6,6,6,6,6;0,3,5,4,1,2
131;0;6,6,6,6,6,6;3,4,1,2,0,5
132;0;6,6,6,6,6,6;5,0,1,3,2,4
201;0;6,6,6,6,6,6;1,0,3,2,5,4
60;0;6,6,6,6,6,6;3,5,2,4,1,0
187;0;6,6,6,6,6,6;0,4,3,2,5,1
161;0;6,6,6,6,6,6;5,0,1,2,3,4
310;0;6,6,6,6,6,6;5,2,0,4,1,3
243;0;6,6,6,6,6,6;0,5,4,2,1,3
126;0;6,6,6,6,6,6;4,5,3,0,1,2
109;0;6,6,6,6,6,6;4,1,5,0,2,3
127;0;6,6,6,6,6,6;1,5,4,0,2,3
307;0;6,6,6,6,6,6;3,1,0,4,5,2
214;0;6,6,6,6,6,6;0,1,5,4,3,2
224;0;6,6,6,6,6,6;0,4,1,2,3,5
75;0;6,6,6,6,6,6;4,2,5,1,0,3
53;0;6,6,6,6,6,6;5,3,2,1,4,0
162;0;6,6,6,6,6,6;3,0,1,5,2,4
309;0;6,6,6,6,6,6;3,1,2,5,0,4
57;0;6,6,6,6,6,6;4,0,2,1,3,5
228;0;6,6,6,6,6,6;2,0,5,1,3,4
127;0;6,6,6,6,6,6;4,5,2,0,3,1
143;0;6,6,6,6,6,6;0,1,3,2,4,5
225;0;6,6,6,6,6,6;2,4,1,0,3,5
93;0;6,6,6,6,6,6;3,1,0,5,2,4
241;0;6,6,6,6,6,6;5,3,0,4,1,2
87;0;6,6,6,6,6,6;1,2,0,4,3,5
109;0;6,6,6,6,6,6;4,5,1,2,0,3
148;0;6,6,6,6,6,6;1,0,3,4,2,5
90;0;6,6,6,6,6,6;1,0,5,2,3,4
40;0;6,6,6,6,6,6;3,0,2,4,5,1
269;0;6,6,6,6,6,6;2,0,5,1,3,4
90;0;6,6,6,6,6,6;1,0,4,2,5,3
104;0;6,6,6,6,6,6;0,5,4,2,3,1
168;0;6,6,6,6,6,6;0,3,1,2,4,5
90;0;6,6,6,6,6,6;3,1,0,2,5,4
158;0;6,6,6,6,6,6;5,1,3,4,2,0
90;0;6,6,6,6,6,6;4,5,1,2,0,3
251;0;6,6,6,6,6,6;5,2,3,1,0,4
114;0;6,6,6,6,6,6;2,4,1,3,0,5
187;0;6,6,6,6,6,6;2,5,0,1,3,4
76;0;6,6,6,6,6,6;5,4,0,1,2,3
60;0;6,6,6,6,6,6;2,5,4,0,3,1
155;0;6,6,6,6,6,6;0,4,1,3,2,5
257;0;6,6,6,6,6,6;5,0,4,2,1,3
85;0;6,6,6,6,6,6;4,5,3,2,0,1
246;0;6,6,6,6,6,6;0,4,5,1,2,3
88;0;6,6,6,6,6,6;5,0,3,4,1,2
54;0;6,6,6,6,6,6;0,4,5,3,1,2
288;0;6,6,6,6,6,6;2,5,3,1,0,4
334;0;6,6,6,6,6,6;2,5,1,0,3,4
72;0;6,6,6,6,6,6;1,4,0,5,3,2
67;0;6,6,6,6,6,6;4,0,1,2,5,3
194;0;6,6,6,6,6,6;3,4,0,1,5,2
236;0;6,6,6,6,6,6;3,5,1,2,4,0
206;0;6,6,6,6,6,6;4,0,2,1,5,3
154;0;6,6,6,6,6,6;3,1,0,2,4,5
91;0;6,6,6,6,6,6;3,2,0,4,5,1
94;0;6,6,6,6,6,6;1,2,4,3,5,0
243;0;6,6,6,6,6,6;0,2,1,3,5,4
79;0;6,6,6,6,6,6;0,5,3,2,4,1
213;0;6,6,6,6,6,6;2,0,1,5,3,4
67;0;6,6,6,6,6,6;4,5,0,2,1,3
104;0;6,6,6,6,6,6;4,0,3,1,2,5
120;0;6,6,6,6,6,6;3,2,5,0,4,1
63;0;6,6,6,6,6,6;3,0,5,2,1,4
84;0;6,6,6,6,6,6;2,3,0,1,5,4
241;0;6,6,6,6,6,6;5,0,4,3,2,1
60;0;6,6,6,6,6,6;2,0,3,1,5,4
258;0;6,6,6,6,6,6;4,2,3,0,5,1
96;0;6,6,6,6,6,6;3,0,5,1,2,4
170;0;6,6,6,6,6,6;1,5,4,2,0,3
74;0;6,6,6,6,6,6;0,1,5,2,3,4
179;0;6,6,6,6,6,6;5,3,2,1,4,0
154;0;6,6,6,6,6,6;1,3,0,2,4,5
97;0;6,6,6,6,6,6;0,5,4,1,2,3
265;0;6,6,6,6,6,6;2,1,3,0,5,4
68;0;6,6,6,6,6,6;0,3,1,2,4,5
468;0;6,6,6,6,6,6;2,4,3,5,1,0
73;0;6,6,6,6,6,6;2,1,3,5,4,0
125;0;6,6,6,6,6,6;2,3,5,4,0,1
197;0;6,6,6,6,6,6;5,2,1,3,4,0
80;0;6,6,6,6,6,6;2,0,5,4,1,3
213;0;6,6,6,6,6,6;1,4,5,0,3,2
168;0;6,6,6,6,6,6;3,1,0,4,2,5
814;0;6,6,6,6,6,6;2,4,0,5,3,1
100;0;6,6,6,6,6,6;5,3,1,2,0,4
85;0;6,6,6,6,6,6;5,3,4,1,2,0
105;0;6,6,6,6,6,6;0,1,4,5,2,3
59;0;6,6,6,6,6,6;2,1,0,4,3,5
80;0;6,6,6,6,6,6;1,3,0,4,2,5
344;0;6,6,6,6,6,6;1,0,3,5,2,4
107;0;6,6,6,6,6,6;4,3,2,5,1,0
124;0;6,6,6,6,6,6;0,5,4,1,3,2
126;0;6,6,6,6,6,6;0,2,3,5,4,1
210;0;6,6,6,6,6,6;0,5,3,4,1,2
282;0;6,6,6,6,6,6;3,5,4,0,2,1
121;0;6,6,6,6,6,6;4,2,3,0,5,1
158;0;6,6,6,6,6,6;2,1,3,0,5,4
101;0;6,6,6,6,6,6;3,1,5,0,4,2
132;0;6,6,6,6,6,6;1,2,0,5,3,4
76;0;6,6,6,6,6,6;1,5,0,4,3,2
338;0;6,6,6,6,6,6;3,4,1,5,2,0
178;0;6,6,6,6,6,6;5,2,3,0,1,4
156;0;6,6,6,6,6,6;2,0,1,4,5,3
208;0;6,6,6,6,6,6;5,4,1,3,2,0
50;0;6,6,6,6,6,6;2,1,4,0,3,5
111;0;6,6,6,6,6,6;1,0,5,4,3,2
109;0;6,6,6,6,6,6;2,5,0,1,3,4
83;0;6,6,6,6,6,6;3,5,0,2,1,4
168;0;6,6,6,6,6,6;1,4,2,0,3,5
67;0;6,6,6,6,6,6;0,5,1,4,2,3
151;0;6,6,6,6,6,6;0,1,2,4,5,3
175;0;6,6,6,6,6,6;2,0,4,1,5,3
264;0;6,6,6,6,6,6;5,1,2,0,3,4
343;0;6,6,6,6,6,6;5,1,0,3,2,4
307;0;6,6,6,6,6,6;1,2,4,3,0,5
266;0;6,6,6,6,6,6;0,5,1,4,3,2
375;0;6,6,6,6,6,6;0,1,3,4,5,2
75;0;6,6,6,6,6,6;5,2,0,4,1,3
240;0;6,6,6,6,6,6;5,4,0,3,1,2
183;0;6,6,6,6,6,6;5,1,3,4,2,0
244;0;6,6,6,6,6,6;2,4,5,0,3,1
182;0;6,6,6,6,6,6;1,3,0,2,5,4
88;0;6,6,6,6,6,6;5,4,1,3,0,2
467;0;6,6,6,6,6,6;4,0,5,3,2,1
42;0;6,6,6,6,6,6;2,0,4,1,3,5
185;0;6,6,6,6,6,6;2,4,3,5,1,0
120;0;6,6,6,6,6,6;2,4,0,5,3,1
72;0;6,6,6,6,6,6;3,2,5,4,0,1
151;0;6,6,6,6,6,6;4,0,2,1,5,3
95;0;6,6,6,6,6,6;1,2,0,3,4,5
50;0;6,6,6,6,6,6;5,3,4,2,0,1
132;0;6,6,6,6,6,6;2,4,0,5,1,3
152;0;6,6,6,6,6,6;3,1,5,4,2,0
120;0;6,6,6,6,6,6;0,4,2,5,3,1
79;0;6,6,6,6,6,6;0,2,4,3,5,1
75;0;6,6,6,6,6,6;4,1,3,0,2,5
198;0;6,6,6,6,6,6;4,3,1,5,2,0
148;0;6,6,6,6,6,6;2,1,4,3,5,0
160;0;6,6,6,6,6,6;2,5,0,4,1,3
188;0;6,6,6,6,6,6;1,4,2,3,5,0
88;0;6,6,6,6,6,6;0,3,5,1,2,4
138;0;6,6,6,6,6,6;2,4,0,3,1,5
113;0;6,6,6,6,6,6;2,1,5,4,3,0
141;0;6,6,6,6,6,6;2,3,5,0,1,4
95;0;6,6,6,6,6,6;3,5,1,0,2,4
108;0;6,6,6,6,6,6;4,1,5,2,3,0
78;0;6,6,6,6,6,6;5,4,0,1,3,2
125;0;6,6,6,6,6,6;5,1,4,3,2,0
112;0;6,6,6,6,6,6;2,3,4,1,5,0
180;0;6,6,6,6,6,6;2,4,0,5,1,3
236;0;6,6,6,6,6,6;3,1,4,5,0,2
58;0;6,6,6,6,6,6;1,3,2,4,0,5
274;0;6,6,6,6,6,6;4,2,5,3,0,1
228;0;6,6,6,6,6,6;1,3,5,4,0,2
71;0;6,6,6,6,6,6;5,0,1,3,4,2
145;0;6,6,6,6,6,6;3,5,4,0,2,1
66;0;6,6,6,6,6,6;4,0,1,3,5,2
87;0;6,6,6,6,6,6;1,5,4,0,3,2
230;0;6,6,6,6,6,6;5,1,3,2,4,0
173;0;6,6,6,6,6,6;1,3,0,2,5,4
339;0;6,6,6,6,6,6;0,4,2,1,3,5
206;0;6,6,6,6,6,6;5,0,2,1,3,4
94;0;6,6,6,6,6,6;2,3,4,1,5,0
350;0;6,6,6,6,6,6;2,3,4,1,0,5
344;0;6,6,6,6,6,6;1,3,0,2,4,5
49;0;6,6,6,6,6,6;1,0,5,2,4,3
240;0;6,6,6,6,6,6;1,2,3,0,5,4
119;0;6,6,6,6,6,6;1,4,3,2,5,0
124;0;6,6,6,6,6,6;4,5,1,3,2,0
312;0;6,6,6,6,6,6;4,0,5,1,2,3
117;0;6,6,6,6,6,6;2,1,3,4,5,0
204;0;6,6,6,6,6,6;0,4,3,2,5,1
116;0;6,6,6,6,6,6;4,1,0,3,2,5
114;0;6,6,6,6,6,6;0,5,1,2,4,3
63;0;6,6,6,6,6,6;2,1,4,5,0,3
99;0;6,6,6,6,6,6;4,3,5,0,2,1
127;0;6,6,6,6,6,6;0,4,1,2,5,3
129;0;6,6,6,6,6,6;0,5,4,3,1,2
67;0;6,6,6,6,6,6;5,4,1,0,3,2
90;0;6,6,6,6,6,6;5,0,1,2,4,3
93;0;6,6,6,6,6,6;0,1,5,4,2,3
166;0;6,6,6,6,6,6;2,0,5,1,3,4
247;0;6,6,6,6,6,6;3,0,1,5,4,2
116;0;6,6,6,6,6,6;1,4,0,2,5,3
140;0;6,6,6,6,6,6;2,3,4,1,0,5
113;0;6,6,6,6,6,6;5,1,4,2,3,0
294;0;6,6,6,6,6,6;0,5,4,2,3,1
109;0;6,6,6,6,6,6;5,1,3,2,0,4
315;0;6,6,6,6,6,6;3,5,2,1,0,4
86;0;6,6,6,6,6,6;1,5,2,3,0,4
148;0;6,6,6,6,6,6;3,5,1,2,0,4
264;0;6,6,6,6,6,6;0,3,5,4,1,2
292;0;6,6,6,6,6,6;4,0,3,1,5,2
97;0;6,6,6,6,6,6;5,3,0,4,2,1
101;0;6,6,6,6,6,6;3,5,4,1,2,0
106;0;6,6,6,6,6,6;5,4,1,2,3,0
131;0;6,6,6,6,6,6;0,5,4,3,1,2
301;0;6,6,6,6,6,6;0,1,5,4,3,2
247;0;6,6,6,6,6,6;1,5,0,2,3,4
150;0;6,6,6,6,6,6;3,4,0,2,1,5
133;0;6,6,6,6,6,6;3,1,2,4,5,0
79;0;6,6,6,6,6,6;0,2,4,3,1,5
80;0;6,6,6,6,6,6;2,3,5,4,1,0
153;0;6,6,6,6,6,6;3,2,4,0,5,1
47;0;6,6,6,6,6,6;0,3,2,5,4,1
262;0;6,6,6,6,6,6;1,3,4,0,2,5
154;0;6,6,6,6,6,6;0,4,5,3,1,2
141;0;6,6,6,6,6,6;3,2,5,1,0,4
176;0;6,6,6,6,6,6;3,1,5,2,0,4
93;0;6,6,6,6,6,6;1,3,5,0,4,2
65;0;6,6,6,6,6,6;1,5,4,3,0,2
167;0;6,6,6,6,6,6;0,4,3,5,1,2
120;0;6,6,6,6,6,6;5,4,3,1,2,0
73;0;6,6,6,6,6,6;0,1,2,5,4,3
153;0;6,6,6,6,6,6;1,4,0,5,2,3
100;0;6,6,6,6,6,6;3,2,1,0,4,5
58;0;6,6,6,6,6,6;3,2,4,1,0,5
86;0;6,6,6,6,6,6;1,5,4,0,2,3
174;0;6,6,6,6,6,6;0,5,1,4,2,3
220;0;6,6,6,6,6,6;3,4,0,5,1,2
103;0;6,6,6,6,6,6;1,4,0,5,2,3
155;0;6,6,6,6,6,6;0,1,3,2,4,5
53;0;6,6,6,6,6,6;2,1,5,0,3,4
132;0;6,6,6,6,6,6;2,5,0,1,3,4
364;0;6,6,6,6,6,6;3,1,5,4,2,0
186;0;6,6,6,6,6,6;2,4,0,1,5,3
158;0;6,6,6,6,6,6;4,1,0,3,2,5
107;0;6,6,6,6,6,6;4,0,2,5,3,1
91;0;6,6,6,6,6,6;5,3,4,0,2,1
90;0;6,6,6,6,6,6;0,3,5,4,2,1
45;0;6,6,6,6,6,6;0,5,2,4,1,3
254;0;6,6,6,6,6,6;5,4,0,2,3,1
207;0;6,6,6,6,6,6;3,2,0,1,4,5
125;0;6,6,6,6,6,6;3,2,5,0,1,4
233;0;6,6,6,6,6,6;4,3,5,1,0,2
120;0;6,6,6,6,6,6;5,2,3,4,1,0
160;0;6,6,6,6,6,6;3,4,0,5,1,2
188;0;6,6,6,6,6,6;5,3,1,2,0,4
87;0;6,6,6,6,6,6;5,4,1,3,2,0
164;0;6,6,6,6,6,6;4,3,2,1,0,5
207;0;6,6,6,6,6,6;4,1,5,0,2,3
84;0;6,6,6,6,6,6;2,0,1,4,5,3
93;0;6,6,6,6,6,6;0,5,1,2,3,4
108;0;6,6,6,6,6,6;0,5,1,3,2,4
298;0;6,6,6,6,6,6;1,0,4,5,2,3
252;0;6,6,6,6,6,6;5,0,4,1,3,2
89;0;6,6,6,6,6,6;2,5,1,0,4,3
166;0;6,6,6,6,6,6;0,5,4,2,3,1
79;0;6,6,6,6,6,6;5,1,3,2,4,0
183;0;6,6,6,6,6,6;5,2,0,3,4,1
118;0;6,6,6,6,6,6;2,3,4,0,1,5
91;0;6,6,6,6,6,6;4,2,1,5,0,3
64;0;6,6,6,6,6,6;3,5,4,2,0,1
72;0;6,6,6,6,6,6;2,3,4,5,0,1
69;0;6,6,6,6,6,6;5,2,3,4,0,1
62;0;6,6,6,6,6,6;5,1,4,2,0,3
79;0;6,6,6,6,6,6;4,0,5,3,2,1
124;0;6,6,6,6,6,6;0,5,3,2,4,1
202;0;6,6,6,6,6,6;2,3,5,0,4,1
104;0;6,6,6,6,6,6;1,2,3,0,5,4
105;0;6,6,6,6,6,6;0,1,2,4,5,3
56;0;6,6,6,6,6,6;5,0,3,1,4,2
148;0;6,6,6,6,6,6;3,0,4,2,1,5
54;0;6,6,6,6,6,6;5,3,2,4,1,0
142;0;6,6,6,6,6,6;5,0,2,3,1,4
73;0;6,6,6,6,6,6;0,1,2,5,3,4
120;0;6,6,6,6,6,6;2,3,0,5,4,1
132;0;6,6,6,6,6,6;3,0,2,5,4,1
263;0;6,6,6,6,6,6;5,1,3,2,4,0
69;0;6,6,6,6,6,6;0,3,1,4,5,2
119;0;6,6,6,6,6,6;3,2,0,1,4,5
74;0;6,6,6,6,6,6;1,2,0,5,3,4
112;0;6,6,6,6,6,6;0,4,2,3,1,5
94;0;6,6,6,6,6,6;4,3,1,0,5,2
74;0;6,6,6,6,6,6;1,0,4,2,5,3
311;0;6,6,6,6,6,6;1,4,2,0,5,3
70;0;6,6,6,6,6,6;2,3,4,1,5,0
81;0;6,6,6,6,6,6;5,4,3,2,1,0
126;0;6,6,6,6,6,6;3,4,5,1,0,2
56;0;6,6,6,6,6,6;0,4,5,1,3,2
149;0;6,6,6,6,6,6;1,5,3,0,2,4
200;0;6,6,6,6,6,6;1,0,2,5,3,4
305;0;6,6,6,6,6,6;3,4,1,5,2,0
116;0;6,6,6,6,6,6;0,4,3,1,2,5
52;0;6,6,6,6,6,6;4,3,1,2,5,0
169;0;6,6,6,6,6,6;3,5,2,0,4,1
62;0;6,6,6,6,6,6;1,2,3,0,4,5
80;0;6,6,6,6,6,6;0,3,5,1,2,4
124;0;6,6,6,6,6,6;5,1,0,4,3,2
39;0;6,6,6,6,6,6;0,1,3,4,2,5
244;0;6,6,6,6,6,6;3,1,4,2,5,0
95;0;6,6,6,6,6,6;3,5,2,4,1,0
136;0;6,6,6,6,6,6;4,5,1,0,3,2
128;0;6,6,6,6,6,6;0,5,4,1,2,3
133;0;6,6,6,6,6,6;4,3,0,5,1,2
93;0;6,6,6,6,6,6;3,2,4,1,5,0
482;0;6,6,6,6,6,6;5,3,0,1,4,2
112;0;6,6,6,6,6,6;3,1,0,2,4,5
233;0;6,6,6,6,6,6;1,5,3,2,4,0
308;0;6,6,6,6,6,6;4,5,0,3,1,2
280;0;6,6,6,6,6,6;2,1,3,0,4,5
224;0;6,6,6,6,6,6;3,5,0,2,4,1
61;0;6,6,6,6,6,6;3,4,5,0,1,2
78;0;6,6,6,6,6,6;5,3,2,1,4,0
149;0;6,6,6,6,6,6;0,3,1,4,5,2
105;0;6,6,6,6,6,6;0,2,1,4,3,5
215;0;6,6,6,6,6,6;4,1,0,3,2,5
254;0;6,6,6,6,6,6;3,4,2,0,5,1
142;0;6,6,6,6,6,6;5,0,4,2,1,3
84;0;6,6,6,6,6,6;4,2,5,3,0,1
147;0;6,6,6,6,6,6;4,2,0,3,1,5
128;0;6,6,6,6,6,6;5,1,3,0,4,2
196;0;6,6,6,6,6,6;3,4,2,0,5,1
277;0;6,6,6,6,6,6;5,1,3,2,0,4
112;0;6,6,6,6,6,6;5,2,0,4,3,1
136;0;6,6,6,6,6,6;2,4,5,0,1,3
157;0;6,6,6,6,6,6;4,1,0,2,3,5
93;0;6,6,6,6,6,6;0,1,2,5,3,4
87;0;6,6,6,6,6,6;3,0,4,2,1,5
98;0;6,6,6,6,6,6;5,4,0,1,2,3
678;0;6,6,6,6,6,6;3,1,5,2,0,4
102;0;6,6,6,6,6,6;2,0,1,4,5,3
183;0;6,6,6,6,6,6;5,3,4,1,2,0
63;0;6,6,6,6,6,6;4,0,1,3,2,5
160;0;6,6,6,6,6,6;0,3,5,2,1,4
103;0;6,6,6,6,6,6;2,3,0,4,5,1
95;0;6,6,6,6,6,6;3,1,4,2,0,5
307;0;6,6,6,6,6,6;3,2,5,4,1,0
47;0;6,6,6,6,6,6;0,5,1,3,4,2
182;0;6,6,6,6,6,6;3,5,4,2,1,0
105;0;6,6,6,6,6,6;0,4,3,1,2,5
59;0;6,6,6,6,6,6;2,4,3,5,1,0
85;0;6,6,6,6,6,6;1,2,5,0,4,3
246;0;6,6,6,6,6,6;5,1,4,2,0,3
92;0;6,6,6,6,6,6;2,4,5,1,0,3
179;0;6,6,6,6,6,6;4,5,0,2,1,3
197;0;6,6,6,6,6,6;3,4,0,1,5,2
195;0;6,6,6,6,6,6;5,4,1,0,3,2
50;0;6,6,6,6,6,6;1,0,4,2,3,5
82;0;6,6,6,6,6,6;2,0,3,4,1,5
103;0;6,6,6,6,6,6;4,3,2,5,1,0
103;0;6,6,6,6,6,6;4,0,1,3,5,2
87;0;6,6,6,6,6,6;0,2,3,1,5,4
230;0;6,6,6,6,6,6;1,4,0,3,2,5
81;0;6,6,6,6,6,6;5,2,1,3,0,4
442;0;6,6,6,6,6,6;3,4,1,2,5,0
75;0;6,6,6,6,6,6;5,3,1,2,0,4
118;0;6,6,6,6,6,6;1,0,3,4,2,5
93;0;6,6,6,6,6,6;0,5,4,2,1,3
90;0;6,6,6,6,6,6;1,3,4,5,0,2
102;0;6,6,6,6,6,6;4,1,0,5,3,2
331;0;6,6,6,6,6,6;1,0,5,4,2,3
136;0;6,6,6,6,6,6;0,5,2,3,1,4
419;0;6,6,6,6,6,6;5,4,1,2,3,0
67;0;6,6,6,6,6,6;0,2,5,4,1,3
226;0;6,6,6,6,6,6;0,3,1,5,2,4
110;0;6,6,6,6,6,6;5,4,2,1,3,0
333;0;6,6,6,6,6,6;5,3,2,4,0,1
165;0;6,6,6,6,6,6;4,3,5,1,0,2
130;0;6,6,6,6,6,6;4,5,3,1,0,2
93;0;6,6,6,6,6,6;0,1,5,2,3,4
85;0;6,6,6,6,6,6;2,0,4,1,5,3
123;0;6,6,6,6,6,6;3,2,5,4,0,1
140;0;6,6,6,6,6,6;1,4,0,2,5,3
81;0;6,6,6,6,6,6;4,0,3,5,1,2
106;0;6,6,6,6,6,6;0,2,5,3,1,4
113;0;6,6,6,6,6,6;5,3,0,2,1,4
226;0;6,6,6,6,6,6;0,4,5,3,2,1
125;0;6,6,6,6,6,6;2,0,1,5,3,4
108;0;6,6,6,6,6,6;1,5,2,4,0,3
89;0;6,6,6,6,6,6;4,2,1,5,0,3
228;0;6,6,6,6,6,6;2,1,4,3,0,5
106;0;6,6,6,6,6,6;2,1,5,4,0,3
258;0;6,6,6,6,6,6;2,5,1,4,0,3
82;0;6,6,6,6,6,6;1,3,0,2,4,5
144;0;6,6,6,6,6,6;4,5,0,3,2,1
65;0;6,6,6,6,6,6;4,2,1,3,0,5
87;0;6,6,6,6,6,6;4,1,5,3,2,0
172;0;6,6,6,6,6,6;3,4,2,0,1,5
132;0;6,6,6,6,6,6;1,0,5,3,2,4
344;0;6,6,6,6,6,6;0,4,3,1,2,5
168;0;6,6,6,6,6,6;3,2,1,5,0,4
81;0;6,6,6,6,6,6;5,3,0,1,4,2
86;0;6,6,6,6,6,6;5,4,3,0,2,1
154;0;6,6,6,6,6,6;0,1,3,5,4,2
171;0;6,6,6,6,6,6;3,1,4,5,2,0
120;0;6,6,6,6,6,6;2,0,3,5,4,1
81;0;6,6,6,6,6,6;1,3,0,4,5,2
84;0;6,6,6,6,6,6;2,5,0,3,1,4
573;0;6,6,6,6,6,6;0,3,1,4,2,5
132;0;6,6,6,6,6,6;2,3,0,4,5,1
88;0;6,6,6,6,6,6;1,0,2,4,5,3
56;0;6,6,6,6,6,6;2,4,3,5,0,1
399;0;6,6,6,6,6,6;3,5,0,1,4,2
260;0;6,6,6,6,6,6;1,5,0,4,3,2
169;0;6,6,6,6,6,6;1,3,4,0,2,5
69;0;6,6,6,6,6,6;1,4,5,3,0,2
110;0;6,6,6,6,6,6;4,5,2,0,1,3
47;0;6,6,6,6,6,6;4,1,0,2,3,5
394;0;6,6,6,6,6,6;3,2,1,0,4,5
316;0;6,6,6,6,6,6;2,3,1,0,5,4
93;0;6,6,6,6,6,6;4,2,0,5,1,3
128;0;6,6,6,6,6,6;4,5,0,3,2,1
69;0;6,6,6,6,6,6;2,1,0,3,5,4
351;0;6,6,6,6,6,6;3,2,5,0,4,1
286;0;6,6,6,6,6,6;1,3,2,0,5,4
217;0;6,6,6,6,6,6;0,5,4,3,1,2
79;0;6,6,6,6,6,6;5,2,4,3,1,0
124;0;6,6,6,6,6,6;2,0,4,3,1,5
73;0;6,6,6,6,6,6;1,0,4,2,3,5
156;0;6,6,6,6,6,6;2,0,5,4,3,1
143;0;6,6,6,6,6,6;1,2,0,5,3,4
65;0;6,6,6,6,6,6;4,5,1,3,2,0
199;0;6,6,6,6,6,6;3,5,1,4,0,2
494;0;6,6,6,6,6,6;1,3,5,2,0,4
66;0;6,6,6,6,6,6;1,3,4,2,5,0
338;0;6,6,6,6,6,6;2,3,1,5,4,0
57;0;6,6,6,6,6,6;1,4,2,5,0,3
82;0;6,6,6,6,6,6;1,3,2,4,5,0
52;0;6,6,6,6,6,6;4,5,2,0,3,1
96;0;6,6,6,6,6,6;3,4,2,5,1,0
160;0;6,6,6,6,6,6;5,0,1,3,4,2
291;0;6,6,6,6,6,6;4,2,0,1,3,5
196;0;6,6,6,6,6,6;2,5,3,4,1,0
350;0;6,6,6,6,6,6;2,4,3,5,0,1
117;0;6,6,6,6,6,6;3,2,0,5,1,4
88;0;6,6,6,6,6,6;1,5,2,0,3,4
73;0;6,6,6,6,6,6;2,5,3,1,4,0
89;0;6,6,6,6,6,6;5,1,0,3,2,4
126;0;6,6,6,6,6,6;2,3,5,4,1,0
95;0;6,6,6,6,6,6;0,4,3,1,2,5
97;0;6,6,6,6,6,6;3,2,0,1,4,5
116;0;6,6,6,6,6,6;4,2,5,1,0,3
182;0;6,6,6,6,6,6;3,1,0,4,5,2
94;0;6,6,6,6,6,6;2,5,4,0,1,3
115;0;6,6,6,6,6,6;4,1,3,5,2,0
324;0;6,6,6,6,6,6;0,2,3,5,1,4
123;0;6,6,6,6,6,6;4,5,1,3,0,2
173;0;6,6,6,6,6,6;4,1,2,3,5,0
197;0;6,6,6,6,6,6;3,0,2,1,4,5
127;0;6,6,6,6,6,6;1,5,4,0,2,3
136;0;6,6,6,6,6,6;0,5,1,4,2,3
135;0;6,6,6,6,6,6;4,3,0,5,2,1
148;0;6,6,6,6,6,6;0,2,3,5,1,4
89;0;6,6,6,6,6,6;1,0,2,4,3,5
137;0;6,6,6,6,6,6;2,1,5,0,4,3
135;0;6,6,6,6,6,6;3,1,5,4,0,2
56;0;6,6,6,6,6,6;2,5,1,3,4,0
304;0;6,6,6,6,6,6;0,2,1,5,3,4
81;0;6,6,6,6,6,6;3,0,4,5,2,1
69;0;6,6,6,6,6,6;3,4,2,0,5,1
137;0;6,6,6,6,6,6;1,2,3,0,4,5
187;0;6,6,6,6,6,6;0,1,3,5,2,4
204;0;6,6,6,6,6,6;3,5,0,4,2,1
125;0;6,6,6,6,6,6;0,1,5,3,4,2
127;0;6,6,6,6,6,6;0,1,5,4,3,2
54;0;6,6,6,6,6,6;2,3,5,1,4,0
122;0;6,6,6,6,6,6;0,5,1,3,2,4
212;0;6,6,6,6,6,6;5,2,4,3,1,0
58;0;6,6,6,6,6,6;5,2,3,1,4,0
504;0;6,6,6,6,6,6;2,3,1,5,0,4
46;0;6,6,6,6,6,6;5,2,1,3,0,4
78;0;6,6,6,6,6,6;3,5,1,2,4,0
393;0;6,6,6,6,6,6;2,5,1,0,4,3
88;0;6,6,6,6,6,6;2,0,1,3,4,5
130;0;6,6,6,6,6,6;5,0,3,1,4,2
63;0;6,6,6,6,6,6;4,2,3,1,0,5
183;0;6,6,6,6,6,6;1,4,0,3,5,2
137;0;6,6,6,6,6,6;0,5,4,2,1,3
75;0;6,6,6,6,6,6;0,2,1,4,3,5
112;0;6,6,6,6,6,6;3,4,5,0,1,2
80;0;6,6,6,6,6,6;0,1,5,3,4,2
75;0;6,6,6,6,6,6;1,0,4,3,5,2
114;0;6,6,6,6,6,6;0,5,3,1,2,4
75;0;6,6,6,6,6,6;4,2,0,1,5,3
62;0;6,6,6,6,6,6;5,3,2,0,4,1
75;0;6,6,6,6,6,6;5,1,2,3,4,0
169;0;6,6,6,6,6,6;4,1,0,5,3,2
426;0;6,6,6,6,6,6;4,5,3,0,2,1
139;0;6,6,6,6,6,6;5,0,1,3,2,4
194;0;6,6,6,6,6,6;4,0,2,3,5,1
221;0;6,6,6,6,6,6;0,4,3,1,5,2
84;0;6,6,6,6,6,6;0,5,4,1,3,2
172;0;6,6,6,6,6,6;2,4,5,1,3,0
118;0;6,6,6,6,6,6;4,1,3,0,2,5
236;0;6,6,6,6,6,6;1,3,4,5,2,0
156;0;6,6,6,6,6,6;1,5,3,0,2,4
132;0;6,6,6,6,6,6;3,2,4,0,5,1
212;0;6,6,6,6,6,6;5,4,1,2,3,0
226;0;6,6,6,6,6,6;5,4,3,1,0,2
224;0;6,6,6,6,6,6;5,2,4,1,0,3
37;0;6,6,6,6,6,6;1,2,0,3,5,4
98;0;6,6,6,6,6,6;0,3,4,2,1,5
201;0;6,6,6,6,6,6;0,2,1,3,5,4
148;0;6,6,6,6,6,6;5,4,2,3,1,0
270;0;6,6,6,6,6,6;1,0,2,4,3,5
104;0;6,6,6,6,6,6;5,2,4,3,0,1
101;0;6,6,6,6,6,6;5,3,2,1,4,0
269;0;6,6,6,6,6,6;5,3,1,0,4,2
353;0;6,6,6,6,6,6;4,1,0,2,3,5
126;0;6,6,6,6,6,6;0,2,5,1,4,3
64;0;6,6,6,6,6,6;5,4,1,3,2,0
186;0;6,6,6,6,6,6;3,4,2,0,1,5
213;0;6,6,6,6,6,6;4,3,1,2,0,5
64;0;6,6,6,6,6,6;0,5,2,1,3,4
196;0;6,6,6,6,6,6;2,5,0,1,3,4
58;0;6,6,6,6,6,6;1,4,5,0,3,2
144;0;6,6,6,6,6,6;5,0,1,2,3,4
101;0;6,6,6,6,6,6;1,2,5,3,0,4
75;0;6,6,6,6,6,6;2,1,3,0,4,5
84;0;6,6,6,6,6,6;4,2,5,3,0,1
108;0;6,6,6,6,6,6;3,5,2,4,0,1
103;0;6,6,6,6,6,6;1,2,3,5,0,4
73;0;6,6,6,6,6,6;5,0,4,3,1,2
79;0;6,6,6,6,6,6;3,2,1,5,0,4
58;0;6,6,6,6,6,6;1,0,5,4,3,2
115;0;6,6,6,6,6,6;3,0,2,4,5,1
140;0;6,6,6,6,6,6;1,5,0,2,4,3
87;0;6,6,6,6,6,6;4,3,2,1,0,5
109;0;6,6,6,6,6,6;1,0,5,3,4,2
138;0;6,6,6,6,6,6;2,5,1,4,3,0
140;0;6,6,6,6,6,6;5,1,3,0,4,2
83;0;6,6,6,6,6,6;1,2,3,0,4,5
121;0;6,6,6,6,6,6;0,4,5,3,1,2
192;0;6,6,6,6,6,6;5,1,4,0,2,3
175;0;6,6,6,6,6,6;1,0,2,5,3,4
217;0;6,6,6,6,6,6;4,1,2,5,0,3
98;0;6,6,6,6,6,6;0,2,3,5,4,1
147;0;6,6,6,6,6,6;1,4,2,5,3,0
448;0;6,6,6,6,6,6;3,5,1,4,0,2
487;0;6,6,6,6,6,6;0,5,4,3,1,2
115;0;6,6,6,6,6,6;3,4,0,1,2,5
119;0;6,6,6,6,6,6;4,2,1,3,0,5
63;0;6,6,6,6,6,6;5,1,4,2,3,0
208;0;6,6,6,6,6,6;4,5,3,0,1,2
213;0;6,6,6,6,6,6;2,3,1,4,5,0
163;0;6,6,6,6,6,6;3,0,4,1,2,5
131;0;6,6,6,6,6,6;0,5,3,1,4,2
207;0;6,6,6,6,6,6;5,4,2,0,3,1
100;0;6,6,6,6,6,6;3,4,5,2,1,0
137;0;6,6,6,6,6,6;2,3,4,5,0,1
177;0;6,6,6,6,6,6;3,2,5,4,1,0
62;0;6,6,6,6,6,6;0,4,5,1,3,2
74;0;6,6,6,6,6,6;1,2,0,5,3,4
291;0;6,6,6,6,6,6;2,4,5,3,1,0
232;0;6,6,6,6,6,6;4,0,5,1,3,2
101;0;6,6,6,6,6,6;1,2,4,5,3,0
62;0;6,6,6,6,6,6;5,2,4,1,3,0
204;0;6,6,6,6,6,6;0,3,4,1,5,2
92;0;6,6,6,6,6,6;2,3,5,0,1,4
113;0;6,6,6,6,6,6;4,2,1,5,0,3
176;0;6,6,6,6,6,6;5,1,0,2,4,3
60;0;6,6,6,6,6,6;4,1,5,2,3,0
63;0;6,6,6,6,6,6;1,4,2,5,0,3
47;0;6,6,6,6,6,6;1,5,2,4,3,0
152;0;6,6,6,6,6,6;3,4,2,1,5,0
139;0;6,6,6,6,6,6;2,3,5,1,4,0
82;0;6,6,6,6,6,6;5,0,1,4,3,2
202;0;6,6,6,6,6,6;0,1,4,2,3,5
125;0;6,6,6,6,6,6;1,2,3,5,4,0
130;0;6,6,6,6,6,6;1,4,5,2,0,3
246;0;6,6,6,6,6,6;1,2,3,5,4,0
81;0;6,6,6,6,6,6;0,1,3,2,5,4
210;0;6,6,6,6,6,6;4,2,5,1,3,0
539;0;6,6,6,6,6,6;4,5,3,2,0,1
88;0;6,6,6,6,6,6;5,1,4,3,0,2
113;0;6,6,6,6,6,6;4,0,5,2,3,1
191;0;6,6,6,6,6,6;5,0,4,1,2,3
90;0;6,6,6,6,6,6;5,1,3,0,4,2
135;0;6,6,6,6,6,6;3,1,5,4,0,2
257;0;6,6,6,6,6,6;0,5,4,2,3,1
433;0;6,6,6,6,6,6;5,1,2,0,4,3
220;0;6,6,6,6,6,6;0,5,3,4,1,2
94;0;6,6,6,6,6,6;0,1,4,2,5,3
182;0;6,6,6,6,6,6;1,2,0,3,5,4
66;0;6,6,6,6,6,6;3,2,5,1,4,0
157;0;6,6,6,6,6,6;5,2,1,3,0,4
75;0;6,6,6,6,6,6;0,5,2,1,4,3
250;0;6,6,6,6,6,6;4,1,5,0,3,2
72;0;6,6,6,6,6,6;5,2,4,0,3,1
164;0;6,6,6,6,6,6;2,4,1,0,3,5
53;0;6,6,6,6,6,6;4,3,2,0,5,1
56;0;6,6,6,6,6,6;1,4,3,5,0,2
243;0;6,6,6,6,6,6;4,3,0,5,2,1
360;0;6,6,6,6,6,6;1,2,0,4,3,5
105;0;6,6,6,6,6,6;1,4,0,5,2,3
99;0;6,6,6,6,6,6;4,5,3,2,0,1
142;0;6,6,6,6,6,6;0,4,5,1,3,2
227;0;6,6,6,6,6,6;5,3,4,0,1,2
141;0;6,6,6,6,6,6;4,2,5,1,3,0
87;0;6,6,6,6,6,6;1,4,0,2,3,5
251;0;6,6,6,6,6,6;4,1,2,5,0,3
236;0;6,6,6,6,6,6;3,1,4,5,2,0
160;0;6,6,6,6,6,6;3,0,2,5,1,4
95;0;6,6,6,6,6,6;5,4,3,1,2,0
126;0;6,6,6,6,6,6;4,1,2,0,5,3
163;0;6,6,6,6,6,6;2,4,5,3,1,0
123;0;6,6,6,6,6,6;5,1,3,2,0,4
386;0;6,6,6,6,6,6;5,2,1,4,3,0
70;0;6,6,6,6,6,6;1,3,5,0,4,2
217;0;6,6,6,6,6,6;5,2,0,3,1,4
65;0;6,6,6,6,6,6;2,4,3,0,5,1
459;0;6,6,6,6,6,6;1,4,0,2,3,5
116;0;6,6,6,6,6,6;5,0,3,1,2,4
178;0;6,6,6,6,6,6;5,2,1,0,4,3
128;0;6,6,6,6,6,6;5,3,2,0,1,4
126;0;6,6,6,6,6,6;1,2,5,0,3,4
233;0;6,6,6,6,6,6;1,5,4,2,3,0
167;0;6,6,6,6,6,6;1,3,0,4,5,2
108;0;6,6,6,6,6,6;1,5,0,3,2,4
269;0;6,6,6,6,6,6;3,2,4,0,5,1
87;0;6,6,6,6,6,6;2,4,5,1,0,3
112;0;6,6,6,6,6,6;3,5,4,0,2,1
180;0;6,6,6,6,6,6;1,4,3,0,2,5
97;0;6,6,6,6,6,6;0,1,3,2,4,5
140;0;6,6,6,6,6,6;1,5,4,3,0,2
213;0;6,6,6,6,6,6;5,0,2,4,1,3
70;0;6,6,6,6,6,6;3,4,0,5,2,1
94;0;6,6,6,6,6,6;3,1,4,2,0,5
88;0;6,6,6,6,6,6;3,5,0,2,4,1
161;0;6,6,6,6,6,6;3,4,2,5,0,1
99;0;6,6,6,6,6,6;5,0,4,2,1,3
249;0;6,6,6,6,6,6;0,5,4,3,1,2
58;0;6,6,6,6,6,6;1,2,3,5,4,0
60;0;6,6,6,6,6,6;3,2,5,1,4,0
208;0;6,6,6,6,6,6;0,2,3,5,4,1
198;0;6,6,6,6,6,6;3,0,5,1,2,4
116;0;6,6,6,6,6,6;3,4,0,5,2,1
53;0;6,6,6,6,6,6;1,5,3,0,4,2
88;0;6,6,6,6,6,6;2,4,3,0,5,1
85;0;6,6,6,6,6,6;3,0,2,5,4,1
70;0;6,6,6,6,6,6;5,0,2,3,4,1
279;0;6,6,6,6,6,6;4,5,1,3,2,0
160;0;6,6,6,6,6,6;5,2,3,1,0,4
76;0;6,6,6,6,6,6;1,5,0,2,3,4
85;0;6,6,6,6,6,6;5,4,3,1,2,0
148;0;6,6,6,6,6,6;5,1,3,2,4,0
173;0;6,6,6,6,6,6;0,4,2,3,5,1
299;0;6,6,6,6,6,6;4,5,3,2,1,0
96;0;6,6,6,6,6,6;2,4,3,5,0,1
72;0;6,6,6,6,6,6;4,1,2,5,0,3
184;0;6,6,6,6,6,6;3,2,4,0,1,5
92;0;6,6,6,6,6,6;5,4,2,1,3,0
85;0;6,6,6,6,6,6;1,5,2,0,4,3
105;0;6,6,6,6,6,6;4,2,5,1,3,0
201;0;6,6,6,6,6,6;1,2,5,4,0,3
52;0;6,6,6,6,6,6;0,1,4,3,5,2
160;0;6,6,6,6,6,6;0,1,2,3,5,4
74;0;6,6,6,6,6,6;0,1,2,5,3,4
561;0;6,6,6,6,6,6;3,4,5,0,1,2
282;0;6,6,6,6,6,6;2,5,1,3,4,0
120;0;6,6,6,6,6,6;4,5,3,1,2,0
127;0;6,6,6,6,6,6;3,2,5,0,1,4
146;0;6,6,6,6,6,6;2,5,3,0,1,4
41;0;6,6,6,6,6,6;4,1,0,3,2,5
100;0;6,6,6,6,6,6;0,1,2,5,4,3
205;0;6,6,6,6,6,6;3,5,4,0,2,1
88;0;6,6,6,6,6,6;5,0,4,2,3,1
34;0;6,6,6,6,6,6;3,2,0,4,1,5
118;0;6,6,6,6,6,6;4,2,0,3,5,1
76;0;6,6,6,6,6,6;4,1,2,3,5,0
124;0;6,6,6,6,6,6;0,2,1,3,4,5
243;0;6,6,6,6,6,6;4,5,3,2,1,0
125;0;6,6,6,6,6,6;1,3,2,4,5,0
120;0;6,6,6,6,6,6;5,0,2,1,4,3
194;0;6,6,6,6,6,6;2,0,1,5,4,3
405;0;6,6,6,6,6,6;1,0,2,3,5,4
55;0;6,6,6,6,6,6;1,2,3,5,4,0
53;0;6,6,6,6,6,6;2,3,0,4,5,1
135;0;6,6,6,6,6,6;2,3,4,5,1,0
163;0;6,6,6,6,6,6;0,1,3,2,4,5
39;0;6,6,6,6,6,6;3,1,4,2,5,0
171;0;6,6,6,6,6,6;0,4,2,1,3,5
107;0;6,6,6,6,6,6;0,1,2,4,3,5
162;0;6,6,6,6,6,6;5,0,4,2,1,3
67;0;6,6,6,6,6,6;1,2,5,0,3,4
105;0;6,6,6,6,6,6;4,3,0,1,5,2
103;0;6,6,6,6,6,6;1,4,3,5,0,2
165;0;6,6,6,6,6,6;4,1,5,0,2,3
95;0;6,6,6,6,6,6;2,3,5,1,0,4
96;0;6,6,6,6,6,6;1,5,4,0,3,2
201;0;6,6,6,6,6,6;1,4,3,0,2,5
90;0;6,6,6,6,6,6;4,0,1,3,5,2
221;0;6,6,6,6,6,6;3,4,1,2,0,5
67;0;6,6,6,6,6,6;2,0,5,3,1,4
116;0;6,6,6,6,6,6;0,3,4,5,1,2
135;0;6,6,6,6,6,6;0,2,3,1,4,5
62;0;6,6,6,6,6,6;3,2,1,5,4,0
126;0;6,6,6,6,6,6;5,3,4,0,2,1
155;0;6,6,6,6,6,6;3,0,2,4,5,1
256;0;6,6,6,6,6,6;4,5,0,2,1,3
143;0;6,6,6,6,6,6;2,0,5,4,1,3
63;0;6,6,6,6,6,6;5,3,1,2,4,0
216;0;6,6,6,6,6,6;4,1,5,0,2,3
511;0;6,6,6,6,6,6;1,4,0,3,2,5
456;0;6,6,6,6,6,6;1,0,2,4,5,3
120;0;6,6,6,6,6,6;3,5,1,0,2,4
147;0;6,6,6,6,6,6;4,1,3,5,2,0
405;0;6,6,6,6,6,6;3,0,4,2,1,5
80;0;6,6,6,6,6,6;5,1,4,2,3,0
156;0;6,6,6,6,6,6;0,4,5,2,3,1
288;0;6,6,6,6,6,6;2,1,5,0,4,3
123;0;6,6,6,6,6,6;5,3,1,4,2,0
243;0;6,6,6,6,6,6;2,1,0,5,4,3
160;0;6,6,6,6,6,6;2,0,3,4,5,1
74;0;6,6,6,6,6,6;4,0,2,3,1,5
361;0;6,6,6,6,6,6;3,4,1,5,2,0
69;0;6,6,6,6,6,6;3,2,4,1,5,0
131;0;6,6,6,6,6,6;3,0,5,4,1,2
341;0;6,6,6,6,6,6;3,0,1,4,5,2
122;0;6,6,6,6,6,6;5,4,2,1,0,3
140;0;6,6,6,6,6,6;4,1,0,3,2,5
407;0;6,6,6,6,6,6;5,2,3,4,1,0
197;0;6,6,6,6,6,6;2,4,3,0,1,5
85;0;6,6,6,6,6,6;0,5,2,4,3,1
71;0;6,6,6,6,6,6;4,2,5,1,3,0
177;0;6,6,6,6,6,6;0,1,3,4,5,2
194;0;6,6,6,6,6,6;3,2,5,4,1,0
269;0;6,6,6,6,6,6;0,5,2,3,4,1
184;0;6,6,6,6,6,6;2,5,3,0,4,1
118;0;6,6,6,6,6,6;3,0,5,1,4,2
141;0;6,6,6,6,6,6;1,0,4,3,2,5
191;0;6,6,6,6,6,6;2,1,3,4,0,5
196;0;6,6,6,6,6,6;4,2,0,5,1,3
108;0;6,6,6,6,6,6;5,4,0,3,2,1
376;0;6,6,6,6,6,6;1,0,4,3,5,2
114;0;6,6,6,6,6,6;1,2,0,3,5,4
73;0;6,6,6,6,6,6;4,1,5,3,2,0
143;0;6,6,6,6,6,6;1,3,5,0,4,2
111;0;6,6,6,6,6,6;4,1,5,3,0,2
195;0;6,6,6,6,6,6;1,5,4,3,0,2
127;0;6,6,6,6,6,6;1,5,4,3,0,2
73;0;6,6,6,6,6,6;3,0,5,4,1,2
117;0;6,6,6,6,6,6;4,3,5,2,1,0
126;0;6,6,6,6,6,6;4,3,1,5,0,2
233;0;6,6,6,6,6,6;2,5,1,3,0,4
220;0;6,6,6,6,6,6;3,2,4,0,5,1
34;0;6,6,6,6,6,6;5,2,3,1,0,4
76;0;6,6,6,6,6,6;1,0,3,4,2,5
180;0;6,6,6,6,6,6;5,3,2,0,1,4
67;0;6,6,6,6,6,6;2,1,5,0,3,4
165;0;6,6,6,6,6,6;3,4,0,2,5,1
434;0;6,6,6,6,6,6;4,0,1,2,5,3
290;0;6,6,6,6,6,6;1,0,3,2,4,5
116;0;6,6,6,6,6,6;2,3,1,5,0,4
144;0;6,6,6,6,6,6;5,1,4,3,0,2
60;0;6,6,6,6,6,6;3,5,1,0,4,2
161;0;6,6,6,6,6,6;1,0,3,5,2,4
160;0;6,6,6,6,6,6;2,3,0,1,5,4
96;0;6,6,6,6,6,6;2,1,0,4,5,3
383;0;6,6,6,6,6,6;5,2,3,1,4,0
70;0;6,6,6,6,6,6;0,3,4,5,1,2
66;0;6,6,6,6,6,6;4,0,1,3,5,2
74;0;6,6,6,6,6,6;4,0,2,1,5,3
71;0;6,6,6,6,6,6;5,4,3,1,2,0
111;0;6,6,6,6,6,6;1,0,3,4,2,5
169;0;6,6,6,6,6,6;3,2,0,4,5,1
228;0;6,6,6,6,6,6;0,3,5,1,2,4
98;0;6,6,6,6,6,6;5,4,0,1,2,3
114;0;6,6,6,6,6,6;3,0,5,2,1,4
355;0;6,6,6,6,6,6;5,3,0,1,2,4
205;0;6,6,6,6,6,6;0,3,5,4,2,1
108;0;6,6,6,6,6,6;0,3,5,1,4,2
87;0;6,6,6,6,6,6;0,2,5,4,1,3
204;0;6,6,6,6,6,6;4,1,0,5,3,2
95;0;6,6,6,6,6,6;5,1,2,3,4,0
369;0;6,6,6,6,6,6;4,0,1,2,5,3
303;0;6,6,6,6,6,6;2,3,1,5,4,0
127;0;6,6,6,6,6,6;3,2,0,5,1,4
291;0;6,6,6,6,6,6;1,2,5,3,4,0
103;0;6,6,6,6,6,6;3,0,4,2,5,1
446;0;6,6,6,6,6,6;0,5,3,2,4,1
81;0;6,6,6,6,6,6;4,1,5,0,3,2
111;0;6,6,6,6,6,6;5,3,4,2,1,0
101;0;6,6,6,6,6,6;3,0,2,5,1,4
87;0;6,6,6,6,6,6;2,0,1,3,4,5
238;0;6,6,6,6,6,6;0,3,1,4,2,5
273;0;6,6,6,6,6,6;2,5,1,0,4,3
200;0;6,6,6,6,6,6;2,1,4,5,3,0
49;0;6,6,6,6,6,6;4,2,1,5,3,0
74;0;6,6,6,6,6,6;3,4,0,2,5,1
371;0;6,6,6,6,6,6;4,3,0,5,2,1
288;0;6,6,6,6,6,6;0,2,1,3,4,5
365;0;6,6,6,6,6,6;2,5,0,3,1,4
187;0;6,6,6,6,6,6;4,2,1,0,3,5
101;0;6,6,6,6,6,6;5,0,4,3,1,2
120;0;6,6,6,6,6,6;0,4,5,3,1,2
146;0;6,6,6,6,6,6;1,3,5,0,4,2
96;0;6,6,6,6,6,6;2,5,0,3,1,4
281;0;6,6,6,6,6,6;3,4,2,1,5,0
83;0;6,6,6,6,6,6;2,1,5,0,4,3
136;0;6,6,6,6,6,6;0,4,5,1,2,3
97;0;6,6,6,6,6,6;2,0,1,5,4,3
71;0;6,6,6,6,6,6;0,2,1,3,4,5
388;0;6,6,6,6,6,6;3,5,0,2,1,4
80;0;6,6,6,6,6,6;2,5,0,4,3,1
310;0;6,6,6,6,6,6;1,4,0,5,2,3
85;0;6,6,6,6,6,6;5,2,3,0,4,1
205;0;6,6,6,6,6,6;4,5,3,0,1,2
128;0;6,6,6,6,6,6;3,1,2,4,0,5
142;0;6,6,6,6,6,6;5,1,4,3,0,2
97;0;6,6,6,6,6,6;1,4,5,0,3,2
137;0;6,6,6,6,6,6;2,5,1,3,4,0
346;0;6,6,6,6,6,6;3,0,4,2,5,1
70;0;6,6,6,6,6,6;2,0,3,4,5,1
126;0;6,6,6,6,6,6;2,3,1,0,5,4
97;0;6,6,6,6,6,6;0,5,2,4,1,3
185;0;6,6,6,6,6,6;0,3,1,4,2,5
202;0;6,6,6,6,6,6;2,3,0,4,1,5
158;0;6,6,6,6,6,6;0,4,1,3,5,2
142;0;6,6,6,6,6,6;5,1,4,2,0,3
188;0;6,6,6,6,6,6;4,3,0,2,5,1
93;0;6,6,6,6,6,6;5,3,2,4,1,0
183;0;6,6,6,6,6,6;0,5,3,2,1,4
116;0;6,6,6,6,6,6;3,2,1,4,5,0
63;0;6,6,6,6,6,6;0,1,2,5,3,4
370;0;6,6,6,6,6,6;5,4,1,0,2,3
109;0;6,6,6,6,6,6;1,3,5,2,0,4
141;0;6,6,6,6,6,6;1,2,3,0,4,5
183;0;6,6,6,6,6,6;5,3,4,0,1,2
267;0;6,6,6,6,6,6;0,2,4,5,3,1
282;0;6,6,6,6,6,6;3,2,0,5,1,4
95;0;6,6,6,6,6,6;5,4,3,1,0,2
324;0;6,6,6,6,6,6;3,0,5,1,2,4
94;0;6,6,6,6,6,6;4,0,3,2,5,1
167;0;6,6,6,6,6,6;3,4,5,1,0,2
148;0;6,6,6,6,6,6;2,0,4,3,1,5
214;0;6,6,6,6,6,6;1,3,0,4,2,5
183;0;6,6,6,6,6,6;5,4,3,0,1,2
172;0;6,6,6,6,6,6;2,0,3,5,4,1
97;0;6,6,6,6,6,6;2,1,0,4,3,5
82;0;6,6,6,6,6,6;0,2,5,3,4,1
107;0;6,6,6,6,6,6;5,3,0,1,4,2
134;0;6,6,6,6,6,6;2,1,0,3,5,4
109;0;6,6,6,6,6,6;4,5,3,0,1,2
61;0;6,6,6,6,6,6;3,1,4,5,0,2
39;0;6,6,6,6,6,6;0,3,1,5,4,2
134;0;6,6,6,6,6,6;2,1,0,3,4,5
112;0;6,6,6,6,6,6;1,2,4,5,0,3
155;0;6,6,6,6,6,6;2,0,3,5,4,1
198;0;6,6,6,6,6,6;5,3,0,1,4,2
115;0;6,6,6,6,6,6;5,1,3,4,0,2
177;0;6,6,6,6,6,6;1,2,5,0,4,3
116;0;6,6,6,6,6,6;1,0,4,5,3,2
129;0;6,6,6,6,6,6;2,4,3,0,1,5
98;0;6,6,6,6,6,6;5,2,4,3,0,1
303;0;6,6,6,6,6,6;5,4,3,0,1,2
52;0;6,6,6,6,6,6;5,3,1,0,2,4
116;0;6,6,6,6,6,6;5,1,4,2,0,3
110;0;6,6,6,6,6,6;4,1,2,5,0,3
153;0;6,6,6,6,6,6;1,0,2,4,3,5
164;0;6,6,6,6,6,6;3,2,4,1,0,5
219;0;6,6,6,6,6,6;1,3,0,4,5,2
50;0;6,6,6,6,6,6;5,3,4,1,0,2
107;0;6,6,6,6,6,6;0,1,3,2,4,5
123;0;6,6,6,6,6,6;3,0,1,2,5,4
217;0;6,6,6,6,6,6;3,2,0,1,4,5
94;0;6,6,6,6,6,6;4,1,5,3,2,0
92;0;6,6,6,6,6,6;5,3,0,1,2,4
241;0;6,6,6,6,6,6;1,3,4,5,0,2
220;0;6,6,6,6,6,6;0,1,5,4,3,2
250;0;6,6,6,6,6,6;2,4,1,5,3,0
112;0;6,6,6,6,6,6;2,3,5,1,0,4
336;0;6,6,6,6,6,6;5,4,1,0,3,2
204;0;6,6,6,6,6,6;4,1,0,5,2,3
141;0;6,6,6,6,6,6;2,1,3,4,0,5
224;0;6,6,6,6,6,6;0,2,3,4,5,1
55;0;6,6,6,6,6,6;2,0,1,5,4,3
117;0;6,6,6,6,6,6;0,2,3,4,5,1
347;0;6,6,6,6,6,6;4,0,5,3,2,1
227;0;6,6,6,6,6,6;4,5,3,2,1,0
190;0;6,6,6,6,6,6;0,5,4,2,3,1
74;0;6,6,6,6,6,6;0,1,5,3,4,2
108;0;6,6,6,6,6,6;2,1,0,5,3,4
177;0;6,6,6,6,6,6;3,0,5,2,1,4
188;0;6,6,6,6,6,6;0,1,4,2,5,3
79;0;6,6,6,6,6,6;5,1,2,0,3,4
276;0;6,6,6,6,6,6;1,3,5,0,2,4
183;0;6,6,6,6,6,6;2,3,1,5,0,4
107;0;6,6,6,6,6,6;5,0,4,3,2,1
111;0;6,6,6,6,6,6;1,4,2,0,5,3
230;0;6,6,6,6,6,6;5,0,4,1,3,2
232;0;6,6,6,6,6,6;5,2,1,0,3,4
54;0;6,6,6,6,6,6;2,4,3,5,0,1
32;0;6,6,6,6,6,6;0,4,2,5,1,3
67;0;6,6,6,6,6,6;2,1,5,3,4,0
115;0;6,6,6,6,6,6;5,2,4,1,0,3
68;0;6,6,6,6,6,6;5,0,2,3,1,4
356;0;6,6,6,6,6,6;1,0,4,2,5,3
117;0;6,6,6,6,6,6;0,5,4,1,2,3
60;0;6,6,6,6,6,6;5,4,2,1,3,0
167;0;6,6,6,6,6,6;2,3,1,0,5,4
133;0;6,6,6,6,6,6;1,2,5,4,0,3
127;0;6,6,6,6,6,6;1,3,0,4,2,5
95;0;6,6,6,6,6,6;0,3,1,5,4,2
107;0;6,6,6,6,6,6;2,0,4,3,1,5
425;0;6,6,6,6,6,6;5,0,1,3,2,4
103;0;6,6,6,6,6,6;0,2,3,4,5,1
101;0;6,6,6,6,6,6;3,5,4,1,2,0
74;0;6,6,6,6,6,6;0,5,4,1,2,3
151;0;6,6,6,6,6,6;2,3,1,4,0,5
276;0;6,6,6,6,6,6;5,0,2,3,4,1
107;0;6,6,6,6,6,6;0,5,2,4,1,3
181;0;6,6,6,6,6,6;2,5,0,1,4,3
61;0;6,6,6,6,6,6;4,2,0,3,5,1
163;0;6,6,6,6,6,6;4,0,2,3,5,1
135;0;6,6,6,6,6,6;1,4,0,3,5,2
428;0;6,6,6,6,6,6;1,2,3,0,5,4
204;0;6,6,6,6,6,6;1,2,4,3,0,5
117;0;6,6,6,6,6,6;3,2,4,5,0,1
61;0;6,6,6,6,6,6;1,0,5,3,4,2
148;0;6,6,6,6,6,6;5,2,4,1,3,0
260;0;6,6,6,6,6,6;5,1,0,2,3,4
98;0;6,6,6,6,6,6;1,3,2,0,4,5
159;0;6,6,6,6,6,6;3,5,2,0,4,1
206;0;6,6,6,6,6,6;3,2,1,4,5,0
98;0;6,6,6,6,6,6;5,4,2,3,0,1
86;0;6,6,6,6,6,6;5,1,4,2,3,0
199;0;6,6,6,6,6,6;4,2,1,3,0,5
58;0;6,6,6,6,6,6;1,3,2,4,0,5
93;0;6,6,6,6,6,6;5,1,4,2,0,3
143;0;6,6,6,6,6,6;3,1,5,0,2,4
213;0;6,6,6,6,6,6;2,4,5,0,1,3
93;0;6,6,6,6,6,6;5,0,4,1,3,2
76;0;6,6,6,6,6,6;3,5,1,0,4,2
190;0;6,6,6,6,6,6;4,3,0,5,2,1
54;0;6,6,6,6,6,6;4,2,1,3,5,0
105;0;6,6,6,6,6,6;1,3,2,4,5,0
106;0;6,6,6,6,6,6;3,0,5,1,4,2
260;0;6,6,6,6,6,6;0,4,3,1,5,2
174;0;6,6,6,6,6,6;1,0,2,5,4,3
217;0;6,6,6,6,6,6;4,5,0,1,3,2
154;0;6,6,6,6,6,6;1,5,4,2,0,3
103;0;6,6,6,6,6,6;0,2,3,1,5,4
111;0;6,6,6,6,6,6;1,0,2,4,5,3
230;0;6,6,6,6,6,6;1,0,3,4,2,5
394;0;6,6,6,6,6,6;0,4,5,2,3,1
248;0;6,6,6,6,6,6;4,2,3,1,5,0
34;0;6,6,6,6,6,6;1,4,2,0,3,5
91;0;6,6,6,6,6,6;3,4,2,5,1,0
123;0;6,6,6,6,6,6;3,1,2,0,4,5
90;0;6,6,6,6,6,6;4,2,0,5,1,3
95;0;6,6,6,6,6,6;3,4,0,5,2,1
323;0;6,6,6,6,6,6;5,3,0,1,2,4
110;0;6,6,6,6,6,6;1,0,5,2,4,3
133;0;6,6,6,6,6,6;4,3,5,1,0,2
159;0;6,6,6,6,6,6;4,3,5,1,2,0
100;0;6,6,6,6,6,6;5,2,0,1,4,3
117;0;6,6,6,6,6,6;3,0,5,4,1,2
74;0;6,6,6,6,6,6;3,1,2,5,0,4
311;0;6,6,6,6,6,6;2,4,1,0,3,5
179;0;6,6,6,6,6,6;2,4,5,1,3,0
179;0;6,6,6,6,6,6;3,5,1,0,2,4
147;0;6,6,6,6,6,6;0,1,5,4,2,3
150;0;6,6,6,6,6,6;2,4,1,0,3,5
317;0;6,6,6,6,6,6;4,2,5,0,1,3
158;0;6,6,6,6,6,6;0,1,2,4,3,5
87;0;6,6,6,6,6,6;0,1,2,4,5,3
130;0;6,6,6,6,6,6;1,3,4,0,2,5
114;0;6,6,6,6,6,6;0,3,4,1,5,2
186;0;6,6,6,6,6,6;5,1,0,2,3,4
145;0;6,6,6,6,6,6;0,5,4,1,2,3
79;0;6,6,6,6,6,6;0,4,1,3,2,5
185;0;6,6,6,6,6,6;3,5,1,4,0,2
139;0;6,6,6,6,6,6;0,4,3,2,5,1
145;0;6,6,6,6,6,6;3,4,0,2,5,1
84;0;6,6,6,6,6,6;4,2,1,0,5,3
65;0;6,6,6,6,6,6;3,5,0,2,1,4
71;0;6,6,6,6,6,6;2,4,0,3,5,1
117;0;6,6,6,6,6,6;0,4,5,3,1,2
107;0;6,6,6,6,6,6;4,2,1,5,0,3
124;0;6,6,6,6,6,6;1,4,5,0,3,2
193;0;6,6,6,6,6,6;1,0,4,5,3,2
504;0;6,6,6,6,6,6;5,0,2,3,1,4
182;0;6,6,6,6,6,6;5,3,2,0,4,1
93;0;6,6,6,6,6,6;5,3,2,1,4,0
63;0;6,6,6,6,6,6;5,3,4,1,2,0
166;0;6,6,6,6,6,6;5,0,3,2,4,1
96;0;6,6,6,6,6,6;5,0,1,3,4,2
242;0;6,6,6,6,6,6;2,1,5,3,0,4
84;0;6,6,6,6,6,6;0,5,2,1,3,4
103;0;6,6,6,6,6,6;3,2,5,0,1,4
95;0;6,6,6,6,6,6;0,1,3,4,2,5
180;0;6,6,6,6,6,6;2,1,4,0,5,3
87;0;6,6,6,6,6,6;2,3,0,4,1,5
102;0;6,6,6,6,6,6;3,2,0,5,4,1
290;0;6,6,6,6,6,6;3,0,1,2,5,4
119;0;6,6,6,6,6,6;1,2,5,4,0,3
330;0;6,6,6,6,6,6;0,2,3,5,1,4
210;0;6,6,6,6,6,6;1,2,3,0,5,4
52;0;6,6,6,6,6,6;0,2,1,5,3,4
170;0;6,6,6,6,6,6;0,5,2,4,3,1
133;0;6,6,6,6,6,6;2,0,5,4,1,3
124;0;6,6,6,6,6,6;4,3,1,2,0,5
59;0;6,6,6,6,6,6;4,2,1,0,3,5
135;0;6,6,6,6,6,6;4,3,5,2,1,0
83;0;6,6,6,6,6,6;3,5,0,2,1,4
137;0;6,6,6,6,6,6;5,4,1,2,0,3
320;0;6,6,6,6,6,6;4,5,2,3,1,0
96;0;6,6,6,6,6,6;3,2,5,4,1,0
93;0;6,6,6,6,6,6;5,4,2,0,1,3
335;0;6,6,6,6,6,6;1,4,0,2,3,5
59;0;6,6,6,6,6,6;4,3,0,2,5,1
105;0;6,6,6,6,6,6;4,0,1,2,3,5
259;0;6,6,6,6,6,6;5,2,0,4,1,3
126;0;6,6,6,6,6,6;1,2,3,4,5,0
120;0;6,6,6,6,6,6;3,0,4,1,2,5
72;0;6,6,6,6,6,6;0,4,2,1,3,5
96;0;6,6,6,6,6,6;0,3,2,4,1,5
77;0;6,6,6,6,6,6;5,4,3,2,1,0
201;0;6,6,6,6,6,6;0,4,1,5,3,2
131;0;6,6,6,6,6,6;3,2,5,0,4,1
139;0;6,6,6,6,6,6;0,4,2,5,1,3
311;0;6,6,6,6,6,6;5,3,0,1,2,4
315;0;6,6,6,6,6,6;0,4,1,3,2,5
84;0;6,6,6,6,6,6;5,2,3,0,4,1
135;0;6,6,6,6,6,6;1,3,4,5,0,2
93;0;6,6,6,6,6,6;4,5,0,3,1,2
59;0;6,6,6,6,6,6;0,3,2,5,1,4
163;0;6,6,6,6,6,6;1,3,2,0,4,5
202;0;6,6,6,6,6,6;3,0,1,4,5,2
300;0;6,6,6,6,6,6;3,5,2,4,1,0
179;0;6,6,6,6,6,6;4,3,2,0,1,5
53;0;6,6,6,6,6,6;3,1,5,4,2,0
347;0;6,6,6,6,6,6;3,1,5,2,0,4
450;0;6,6,6,6,6,6;5,1,3,2,0,4
209;0;6,6,6,6,6,6;5,2,3,4,1,0
133;0;6,6,6,6,6,6;5,2,0,4,1,3
91;0;6,6,6,6,6,6;1,0,2,5,4,3
297;0;6,6,6,6,6,6;1,5,0,3,4,2
299;0;6,6,6,6,6,6;0,4,3,1,5,2
198;0;6,6,6,6,6,6;1,4,5,2,0,3
186;0;6,6,6,6,6,6;3,2,4,5,0,1
93;0;6,6,6,6,6,6;2,0,3,4,5,1
219;0;6,6,6,6,6,6;5,3,0,4,2,1
75;0;6,6,6,6,6,6;4,2,3,1,5,0
128;0;6,6,6,6,6,6;1,5,0,2,3,4
283;0;6,6,6,6,6,6;2,0,1,4,5,3
75;0;6,6,6,6,6,6;5,2,3,1,0,4
87;0;6,6,6,6,6,6;2,5,3,0,4,1
186;0;6,6,6,6,6,6;0,3,5,4,1,2
113;0;6,6,6,6,6,6;5,3,2,0,1,4
91;0;6,6,6,6,6,6;2,4,3,1,0,5
69;0;6,6,6,6,6,6;3,0,5,1,2,4
142;0;6,6,6,6,6,6;0,3,4,1,2,5
194;0;6,6,6,6,6,6;1,0,3,5,4,2
140;0;6,6,6,6,6,6;2,3,4,5,1,0
129;0;6,6,6,6,6,6;2,0,4,1,5,3
115;0;6,6,6,6,6,6;4,5,3,2,0,1
178;0;6,6,6,6,6,6;5,4,1,3,2,0
80;0;6,6,6,6,6,6;0,1,5,4,3,2
81;0;6,6,6,6,6,6;5,3,2,1,0,4
70;0;6,6,6,6,6,6;2,0,3,5,4,1
108;0;6,6,6,6,6,6;4,2,5,3,0,1
150;0;6,6,6,6,6,6;3,1,4,5,2,0
133;0;6,6,6,6,6,6;4,1,5,3,0,2
67;0;6,6,6,6,6,6;4,0,3,2,1,5
604;0;6,6,6,6,6,6;5,0,3,4,2,1
163;0;6,6,6,6,6,6;0,4,1,3,5,2
284;0;6,6,6,6,6,6;5,1,0,4,3,2
149;0;6,6,6,6,6,6;1,3,4,0,2,5
263;0;6,6,6,6,6,6;2,0,5,3,1,4
140;0;6,6,6,6,6,6;4,3,5,2,0,1
109;0;6,6,6,6,6,6;1,4,5,3,2,0
299;0;6,6,6,6,6,6;5,2,1,3,0,4
200;0;6,6,6,6,6,6;2,1,5,3,4,0
66;0;6,6,6,6,6,6;1,5,0,4,3,2
65;0;6,6,6,6,6,6;4,1,5,0,3,2
137;0;6,6,6,6,6,6;0,2,5,3,1,4
185;0;6,6,6,6,6,6;2,5,4,3,1,0
179;0;6,6,6,6,6,6;4,0,2,1,5,3
72;0;6,6,6,6,6,6;5,1,3,0,4,2
61;0;6,6,6,6,6,6;3,5,4,0,1,2
64;0;6,6,6,6,6,6;4,0,3,2,1,5
170;0;6,6,6,6,6,6;3,1,4,2,5,0
373;0;6,6,6,6,6,6;5,3,4,2,0,1
166;0;6,6,6,6,6,6;0,1,5,2,4,3
244;0;6,6,6,6,6,6;1,2,0,5,4,3
76;0;6,6,6,6,6,6;2,4,1,5,0,3
89;0;6,6,6,6,6,6;0,4,2,5,1,3
94;0;6,6,6,6,6,6;3,1,2,4,0,5
223;0;6,6,6,6,6,6;1,2,3,5,4,0
146;0;6,6,6,6,6,6;3,5,0,1,4,2
73;0;6,6,6,6,6,6;4,0,1,5,3,2
138;0;6,6,6,6,6,6;5,0,4,3,2,1
159;0;6,6,6,6,6,6;1,2,4,5,0,3
92;0;6,6,6,6,6,6;3,4,1,2,0,5
281;0;6,6,6,6,6,6;2,1,3,5,4,0
180;0;6,6,6,6,6,6;0,5,4,1,2,3
145;0;6,6,6,6,6,6;0,1,4,2,5,3
69;0;6,6,6,6,6,6;0,2,5,1,3,4
116;0;6,6,6,6,6,6;3,0,4,5,1,2
74;0;6,6,6,6,6,6;1,0,5,2,3,4
70;0;6,6,6,6,6,6;1,3,2,4,0,5
111;0;6,6,6,6,6,6;2,1,5,4,3,0
101;0;6,6,6,6,6,6;0,4,2,5,1,3
262;0;6,6,6,6,6,6;0,5,1,2,4,3
634;0;6,6,6,6,6,6;0,1,2,4,3,5
121;0;6,6,6,6,6,6;2,5,1,0,4,3
97;0;6,6,6,6,6,6;1,0,2,5,3,4
72;0;6,6,6,6,6,6;1,2,0,3,5,4
158;0;6,6,6,6,6,6;1,2,5,3,0,4
136;0;6,6,6,6,6,6;1,4,2,0,5,3
158;0;6,6,6,6,6,6;3,2,1,0,5,4
162;0;6,6,6,6,6,6;5,1,2,0,3,4
138;0;6,6,6,6,6,6;1,4,5,2,0,3
150;0;6,6,6,6,6,6;4,0,1,2,5,3
86;0;6,6,6,6,6,6;3,1,0,5,4,2
105;0;6,6,6,6,6,6;5,2,3,4,1,0
87;0;6,6,6,6,6,6;4,3,0,1,5,2
56;0;6,6,6,6,6,6;5,0,1,4,2,3
144;0;6,6,6,6,6,6;1,0,4,2,3,5
87;0;6,6,6,6,6,6;2,1,5,0,3,4
97;0;6,6,6,6,6,6;4,0,1,2,3,5
68;0;6,6,6,6,6,6;2,4,5,0,1,3
77;0;6,6,6,6,6,6;2,1,4,0,5,3
221;0;6,6,6,6,6,6;2,5,3,4,0,1
73;0;6,6,6,6,6,6;4,3,2,0,1,5
38;0;6,6,6,6,6,6;3,1,5,4,2,0
92;0;6,6,6,6,6,6;0,1,2,3,5,4
141;0;6,6,6,6,6,6;5,1,0,2,3,4
52;0;6,6,6,6,6,6;3,1,2,0,4,5
131;0;6,6,6,6,6,6;2,5,3,1,4,0
71;0;6,6,6,6,6,6;4,0,5,3,2,1
324;0;6,6,6,6,6,6;4,5,2,0,1,3
153;0;6,6,6,6,6,6;3,1,2,0,5,4
93;0;6,6,6,6,6,6;3,0,2,4,1,5
74;0;6,6,6,6,6,6;2,0,5,1,3,4
94;0;6,6,6,6,6,6;3,0,1,2,4,5
345;0;6,6,6,6,6,6;0,4,3,1,5,2
315;0;6,6,6,6,6,6;2,4,5,3,0,1
189;0;6,6,6,6,6,6;3,4,2,5,0,1
159;0;6,6,6,6,6,6;5,2,4,3,0,1
84;0;6,6,6,6,6,6;0,1,4,5,2,3
86;0;6,6,6,6,6,6;4,0,5,3,1,2
274;0;6,6,6,6,6,6;0,2,5,4,3,1
156;0;6,6,6,6,6,6;1,2,4,5,3,0
558;0;6,6,6,6,6,6;5,3,2,1,0,4
82;0;6,6,6,6,6,6;0,5,2,1,3,4
86;0;6,6,6,6,6,6;5,3,2,4,0,1
62;0;6,6,6,6,6,6;2,4,5,0,3,1
608;0;6,6,6,6,6,6;2,5,1,0,4,3
65;0;6,6,6,6,6,6;0,3,4,5,1,2
101;0;6,6,6,6,6,6;3,5,0,2,1,4
99;0;6,6,6,6,6,6;4,5,2,3,1,0
141;0;6,6,6,6,6,6;3,0,4,1,2,5
1024;0;6,6,6,6,6,6;5,4,2,0,3,1
202;0;6,6,6,6,6,6;3,5,2,4,1,0
68;0;6,6,6,6,6,6;1,4,3,5,2,0
234;0;6,6,6,6,6,6;5,2,0,4,1,3
145;0;6,6,6,6,6,6;4,1,5,2,0,3
202;0;6,6,6,6,6,6;3,5,0,2,1,4
145;0;6,6,6,6,6,6;4,2,1,3,5,0
132;0;6,6,6,6,6,6;5,0,1,2,4,3
190;0;6,6,6,6,6,6;0,4,1,5,2,3
113;0;6,6,6,6,6,6;0,2,1,4,5,3
80;0;6,6,6,6,6,6;4,2,0,1,3,5
282;0;6,6,6,6,6,6;1,4,5,3,2,0
110;0;6,6,6,6,6,6;3,0,2,5,1,4
69;0;6,6,6,6,6,6;0,3,2,4,1,5
218;0;6,6,6,6,6,6;3,2,4,0,1,5
79;0;6,6,6,6,6,6;1,3,2,5,0,4
272;0;6,6,6,6,6,6;4,1,2,5,3,0
196;0;6,6,6,6,6,6;2,0,4,5,1,3
123;0;6,6,6,6,6,6;1,0,2,5,4,3
59;0;6,6,6,6,6,6;1,5,2,3,0,4
124;0;6,6,6,6,6,6;4,5,0,2,1,3
57;0;6,6,6,6,6,6;5,4,0,1,2,3
103;0;6,6,6,6,6,6;4,1,5,0,3,2
96;0;6,6,6,6,6,6;2,0,1,4,5,3
196;0;6,6,6,6,6,6;0,3,5,2,1,4
126;0;6,6,6,6,6,6;3,5,2,0,4,1
95;0;6,6,6,6,6,6;5,2,1,3,0,4
100;0;6,6,6,6,6,6;3,1,0,5,2,4
79;0;6,6,6,6,6,6;5,0,3,2,4,1
210;0;6,6,6,6,6,6;4,5,0,3,1,2
57;0;6,6,6,6,6,6;2,1,4,0,5,3
92;0;6,6,6,6,6,6;3,0,4,2,1,5
238;0;6,6,6,6,6,6;1,2,5,0,4,3
97;0;6,6,6,6,6,6;4,1,3,5,2,0
102;0;6,6,6,6,6,6;1,4,5,2,0,3
312;0;6,6,6,6,6,6;1,0,2,5,3,4
85;0;6,6,6,6,6,6;5,4,3,1,0,2
104;0;6,6,6,6,6,6;0,2,5,3,4,1
106;0;6,6,6,6,6,6;2,3,4,5,1,0
180;0;6,6,6,6,6,6;4,5,3,2,0,1
160;0;6,6,6,6,6,6;4,5,3,2,1,0
125;0;6,6,6,6,6,6;3,1,2,4,0,5
83;0;6,6,6,6,6,6;1,2,4,5,3,0
53;0;6,6,6,6,6,6;4,1,0,3,5,2
89;0;6,6,6,6,6,6;1,5,3,4,0,2
201;0;6,6,6,6,6,6;5,1,2,3,0,4
185;0;6,6,6,6,6,6;0,4,3,1,2,5
149;0;6,6,6,6,6,6;5,3,4,2,0,1
130;0;6,6,6,6,6,6;1,5,3,0,2,4
64;0;6,6,6,6,6,6;3,1,2,0,4,5
132;0;6,6,6,6,6,6;5,1,4,2,3,0
84;0;6,6,6,6,6,6;3,0,4,5,2,1
226;0;6,6,6,6,6,6;0,2,1,5,3,4
136;0;6,6,6,6,6,6;4,1,3,2,5,0
92;0;6,6,6,6,6,6;3,5,4,2,0,1
154;0;6,6,6,6,6,6;3,5,4,0,1,2
98;0;6,6,6,6,6,6;4,1,5,2,3,0
343;0;6,6,6,6,6,6;5,2,1,3,4,0
352;0;6,6,6,6,6,6;3,5,4,2,1,0
104;0;6,6,6,6,6,6;5,0,3,4,2,1
63;0;6,6,6,6,6,6;3,1,5,4,0,2
71;0;6,6,6,6,6,6;4,1,2,3,5,0
144;0;6,6,6,6,6,6;1,5,0,3,2,4
105;0;6,6,6,6,6,6;4,1,3,5,0,2
186;0;6,6,6,6,6,6;0,2,1,3,5,4
145;0;6,6,6,6,6,6;1,4,3,2,0,5
87;0;6,6,6,6,6,6;2,5,3,0,1,4
230;0;6,6,6,6,6,6;2,0,4,5,3,1
317;0;6,6,6,6,6,6;3,4,5,2,1,0
140;0;6,6,6,6,6,6;5,1,0,2,4,3
101;0;6,6,6,6,6,6;0,5,3,1,4,2
123;0;6,6,6,6,6,6;4,0,5,2,1,3
52;0;6,6,6,6,6,6;5,1,4,3,0,2
199;0;6,6,6,6,6,6;0,4,3,2,5,1
132;0;6,6,6,6,6,6;2,5,4,1,0,3
158;0;6,6,6,6,6,6;1,4,5,2,0,3
119;0;6,6,6,6,6,6;4,2,5,1,0,3
211;0;6,6,6,6,6,6;2,4,5,3,1,0
86;0;6,6,6,6,6,6;2,4,3,5,1,0
215;0;6,6,6,6,6,6;2,4,0,5,1,3
149;0;6,6,6,6,6,6;0,5,1,4,3,2
183;0;6,6,6,6,6,6;1,2,3,5,4,0
150;0;6,6,6,6,6,6;4,0,5,1,3,2
101;0;6,6,6,6,6,6;0,1,5,4,3,2
142;0;6,6,6,6,6,6;0,1,2,5,3,4
61;0;6,6,6,6,6,6;1,0,2,5,4,3
252;0;6,6,6,6,6,6;1,3,4,0,2,5
125;0;6,6,6,6,6,6;5,3,2,4,0,1
95;0;6,6,6,6,6,6;3,5,0,1,2,4
99;0;6,6,6,6,6,6;3,0,5,1,4,2
84;0;6,6,6,6,6,6;4,1,2,5,0,3
372;0;6,6,6,6,6,6;5,0,2,1,4,3
111;0;6,6,6,6,6,6;3,1,5,0,2,4
247;0;6,6,6,6,6,6;3,1,0,2,4,5
119;0;6,6,6,6,6,6;2,4,1,0,5,3
295;0;6,6,6,6,6,6;0,5,2,1,4,3
72;0;6,6,6,6,6,6;2,4,1,5,0,3
170;0;6,6,6,6,6,6;0,1,2,5,4,3
128;0;6,6,6,6,6,6;5,3,2,0,1,4
76;0;6,6,6,6,6,6;4,2,5,1,3,0
97;0;6,6,6,6,6,6;3,0,1,4,2,5
256;0;6,6,6,6,6,6;3,2,5,0,1,4
140;0;6,6,6,6,6,6;1,5,2,4,3,0
100;0;6,6,6,6,6,6;4,2,3,1,0,5
114;0;6,6,6,6,6,6;2,0,3,1,4,5
138;0;6,6,6,6,6,6;5,2,1,3,4,0
152;0;6,6,6,6,6,6;2,5,0,1,3,4
172;0;6,6,6,6,6,6;2,4,5,0,3,1
158;0;6,6,6,6,6,6;0,5,4,3,1,2
380;0;6,6,6,6,6,6;1,3,4,5,0,2
87;0;6,6,6,6,6,6;1,4,2,5,3,0
150;0;6,6,6,6,6,6;5,4,2,0,1,3
74;0;6,6,6,6,6,6;5,3,0,2,1,4
189;0;6,6,6,6,6,6;5,0,1,2,4,3
94;0;6,6,6,6,6,6;2,4,1,3,5,0
183;0;6,6,6,6,6,6;2,0,4,3,1,5
81;0;6,6,6,6,6,6;3,5,4,0,1,2
87;0;6,6,6,6,6,6;4,0,3,1,2,5
157;0;6,6,6,6,6,6;2,3,1,0,5,4
95;0;6,6,6,6,6,6;1,5,0,3,2,4
237;0;6,6,6,6,6,6;0,3,1,4,5,2
127;0;6,6,6,6,6,6;2,5,1,4,0,3
137;0;6,6,6,6,6,6;4,2,5,0,3,1
323;0;6,6,6,6,6,6;5,1,2,4,0,3
99;0;6,6,6,6,6,6;0,4,1,2,3,5
363;0;6,6,6,6,6,6;2,3,4,5,1,0
183;0;6,6,6,6,6,6;1,4,0,5,2,3
57;0;6,6,6,6,6,6;3,0,1,5,2,4
63;0;6,6,6,6,6,6;1,3,5,2,0,4
86;0;6,6,6,6,6,6;0,2,5,1,3,4
108;0;6,6,6,6,6,6;5,2,3,1,4,0
98;0;6,6,6,6,6,6;3,4,2,1,5,0
79;0;6,6,6,6,6,6;0,3,1,2,4,5
75;0;6,6,6,6,6,6;4,0,3,1,5,2
98;0;6,6,6,6,6,6;0,3,5,2,4,1
182;0;6,6,6,6,6,6;0,4,3,1,5,2
108;0;6,6,6,6,6,6;5,2,4,0,1,3
141;0;6,6,6,6,6,6;1,5,2,0,3,4
150;0;6,6,6,6,6,6;5,3,4,2,1,0
267;0;6,6,6,6,6,6;0,1,4,5,3,2
286;0;6,6,6,6,6,6;1,3,0,2,4,5
76;0;6,6,6,6,6,6;5,0,2,1,3,4
172;0;6,6,6,6,6,6;5,0,1,4,2,3
148;0;6,6,6,6,6,6;4,1,2,3,0,5
76;0;6,6,6,6,6,6;2,5,0,1,4,3
177;0;6,6,6,6,6,6;4,1,0,3,2,5
96;0;6,6,6,6,6,6;0,2,4,3,5,1
173;0;6,6,6,6,6,6;1,3,5,2,4,0
78;0;6,6,6,6,6,6;3,5,0,2,4,1
101;0;6,6,6,6,6,6;4,0,2,3,5,1
70;0;6,6,6,6,6,6;0,5,1,4,3,2
106;0;6,6,6,6,6,6;4,2,5,3,0,1
199;0;6,6,6,6,6,6;3,2,5,0,1,4
123;0;6,6,6,6,6,6;3,5,0,2,4,1
75;0;6,6,6,6,6,6;3,4,2,0,1,5
303;0;6,6,6,6,6,6;5,1,3,2,0,4
302;0;6,6,6,6,6,6;4,2,3,0,1,5
64;0;6,6,6,6,6,6;0,5,1,4,3,2
108;0;6,6,6,6,6,6;5,4,3,0,2,1
98;0;6,6,6,6,6,6;3,2,1,5,4,0
97;0;6,6,6,6,6,6;5,0,3,1,4,2
274;0;6,6,6,6,6,6;0,2,3,4,1,5
369;0;6,6,6,6,6,6;4,5,1,3,2,0
131;0;6,6,6,6,6,6;1,2,0,5,3,4
75;0;6,6,6,6,6,6;1,4,5,3,2,0
160;0;6,6,6,6,6,6;1,4,0,2,3,5
179;0;6,6,6,6,6,6;5,1,3,2,0,4
474;0;6,6,6,6,6,6;4,5,2,0,1,3
162;0;6,6,6,6,6,6;1,3,4,2,5,0
61;0;6,6,6,6,6,6;5,4,0,3,2,1
97;0;6,6,6,6,6,6;3,4,5,2,0,1
72;0;6,6,6,6,6,6;1,4,2,0,5,3
150;0;6,6,6,6,6,6;0,1,4,2,3,5
68;0;6,6,6,6,6,6;5,0,2,4,3,1
70;0;6,6,6,6,6,6;1,0,4,5,3,2
191;0;6,6,6,6,6,6;1,0,5,3,2,4
93;0;6,6,6,6,6,6;3,4,0,1,2,5
107;0;6,6,6,6,6,6;2,4,0,5,3,1
150;0;6,6,6,6,6,6;2,5,4,1,3,0
501;0;6,6,6,6,6,6;0,1,5,3,2,4
90;0;6,6,6,6,6,6;3,4,1,0,2,5
66;0;6,6,6,6,6,6;3,2,4,5,1,0
128;0;6,6,6,6,6,6;2,3,5,1,4,0
106;0;6,6,6,6,6,6;4,3,5,0,1,2
101;0;6,6,6,6,6,6;2,3,0,5,4,1
236;0;6,6,6,6,6,6;3,1,5,0,2,4
206;0;6,6,6,6,6,6;0,3,5,4,1,2
136;0;6,6,6,6,6,6;4,3,1,2,5,0
258;0;6,6,6,6,6,6;1,3,2,4,0,5
415;0;6,6,6,6,6,6;3,1,0,4,2,5
110;0;6,6,6,6,6,6;2,1,5,4,0,3
164;0;6,6,6,6,6,6;4,2,3,5,1,0
232;0;6,6,6,6,6,6;0,2,3,5,1,4
108;0;6,6,6,6,6,6;1,0,2,4,3,5
70;0;6,6,6,6,6,6;5,2,3,0,1,4
330;0;6,6,6,6,6,6;4,3,1,0,2,5
197;0;6,6,6,6,6,6;2,3,1,5,0,4
82;0;6,6,6,6,6,6;4,1,5,3,2,0
47;0;6,6,6,6,6,6;1,0,3,2,5,4
182;0;6,6,6,6,6,6;4,1,5,0,2,3
197;0;6,6,6,6,6,6;0,5,4,1,2,3
94;0;6,6,6,6,6,6;2,5,1,3,4,0
50;0;6,6,6,6,6,6;2,3,5,4,1,0
277;0;6,6,6,6,6,6;3,0,1,4,5,2
121;0;6,6,6,6,6,6;3,2,1,0,4,5
129;0;6,6,6,6,6,6;4,3,1,5,0,2
66;0;6,6,6,6,6,6;0,2,1,3,5,4
112;0;6,6,6,6,6,6;3,2,4,1,0,5
156;0;6,6,6,6,6,6;1,3,2,5,0,4
86;0;6,6,6,6,6,6;4,0,3,1,2,5
53;0;6,6,6,6,6,6;4,3,1,0,5,2
57;0;6,6,6,6,6,6;2,3,4,1,5,0
118;0;6,6,6,6,6,6;3,4,0,5,1,2
73;0;6,6,6,6,6,6;2,3,1,4,0,5
143;0;6,6,6,6,6,6;0,4,3,5,2,1
73;0;6,6,6,6,6,6;4,0,2,1,5,3
244;0;6,6,6,6,6,6;1,2,4,5,0,3
93;0;6,6,6,6,6,6;2,1,0,3,4,5
554;0;6,6,6,6,6,6;3,4,5,2,1,0
132;0;6,6,6,6,6,6;0,2,1,4,3,5
68;0;6,6,6,6,6,6;3,4,0,5,2,1
89;0;6,6,6,6,6,6;1,0,5,4,2,3
70;0;6,6,6,6,6,6;2,0,5,4,1,3
69;0;6,6,6,6,6,6;5,4,2,1,0,3
147;0;6,6,6,6,6,6;3,4,0,1,5,2
109;0;6,6,6,6,6,6;0,1,2,4,3,5
204;0;6,6,6,6,6,6;0,1,3,2,4,5
115;0;6,6,6,6,6,6;1,5,3,4,0,2
82;0;6,6,6,6,6,6;4,2,5,3,0,1
211;0;6,6,6,6,6,6;1,5,4,3,2,0
84;0;6,6,6,6,6,6;0,1,5,4,3,2
289;0;6,6,6,6,6,6;0,5,2,3,4,1
125;0;6,6,6,6,6,6;0,4,3,1,2,5
151;0;6,6,6,6,6,6;3,1,0,4,5,2
70;0;6,6,6,6,6,6;1,3,5,4,2,0
194;0;6,6,6,6,6,6;0,1,5,3,2,4
46;0;6,6,6,6,6,6;0,2,5,3,1,4
122;0;6,6,6,6,6,6;3,4,1,5,2,0
41;0;6,6,6,6,6,6;2,1,5,4,0,3
129;0;6,6,6,6,6,6;2,5,4,3,1,0
72;0;6,6,6,6,6,6;4,5,1,3,0,2
190;0;6,6,6,6,6,6;5,2,3,4,1,0
125;0;6,6,6,6,6,6;4,5,2,3,1,0
117;0;6,6,6,6,6,6;4,3,1,0,2,5
142;0;6,6,6,6,6,6;4,1,5,3,2,0
105;0;6,6,6,6,6,6;0,1,5,2,3,4
114;0;6,6,6,6,6,6;0,1,4,3,2,5
160;0;6,6,6,6,6,6;1,3,4,5,2,0
89;0;6,6,6,6,6,6;2,1,0,3,4,5
95;0;6,6,6,6,6,6;0,2,5,3,1,4
76;0;6,6,6,6,6,6;5,0,4,3,1,2
111;0;6,6,6,6,6,6;1,0,2,4,5,3
241;0;6,6,6,6,6,6;5,1,0,2,3,4
212;0;6,6,6,6,6,6;4,3,2,5,1,0
262;0;6,6,6,6,6,6;5,2,3,0,1,4
95;0;6,6,6,6,6,6;2,5,4,1,0,3
207;0;6,6,6,6,6,6;4,5,2,3,1,0
161;0;6,6,6,6,6,6;3,1,5,4,2,0
260;0;6,6,6,6,6,6;1,3,0,2,5,4
37;0;6,6,6,6,6,6;5,0,4,1,3,2
89;0;6,6,6,6,6,6;5,4,2,3,0,1
69;0;6,6,6,6,6,6;1,3,2,5,4,0
94;0;6,6,6,6,6,6;2,5,0,1,3,4
147;0;6,6,6,6,6,6;4,0,3,1,5,2
145;0;6,6,6,6,6,6;0,3,1,2,4,5
92;0;6,6,6,6,6,6;5,4,3,0,1,2
180;0;6,6,6,6,6,6;5,3,0,1,2,4
119;0;6,6,6,6,6,6;0,2,1,4,5,3
130;0;6,6,6,6,6,6;0,2,3,1,5,4
84;0;6,6,6,6,6,6;1,5,3,2,4,0
161;0;6,6,6,6,6,6;4,3,1,2,5,0
364;0;6,6,6,6,6,6;4,5,1,2,3,0
71;0;6,6,6,6,6,6;2,3,4,1,5,0
86;0;6,6,6,6,6,6;4,3,1,2,0,5
72;0;6,6,6,6,6,6;5,1,0,4,2,3
55;0;6,6,6,6,6,6;5,2,1,0,4,3
132;0;6,6,6,6,6,6;1,2,3,4,5,0
63;0;6,6,6,6,6,6;3,4,0,1,5,2
273;0;6,6,6,6,6,6;2,0,4,1,5,3
54;0;6,6,6,6,6,6;0,1,4,5,3,2
120;0;6,6,6,6,6,6;1,3,4,0,5,2
193;0;6,6,6,6,6,6;1,5,4,2,0,3
52;0;6,6,6,6,6,6;5,1,3,4,0,2
132;0;6,6,6,6,6,6;3,4,2,1,0,5
483;0;6,6,6,6,6,6;5,4,2,1,3,0
295;0;6,6,6,6,6,6;2,0,1,3,5,4
199;0;6,6,6,6,6,6;4,3,1,0,2,5
87;0;6,6,6,6,6,6;2,0,1,3,5,4
80;0;6,6,6,6,6,6;4,3,2,1,5,0
176;0;6,6,6,6,6,6;3,1,0,4,2,5
94;0;6,6,6,6,6,6;1,4,0,3,2,5
306;0;6,6,6,6,6,6;3,2,0,4,1,5
183;0;6,6,6,6,6,6;1,5,0,3,4,2
94;0;6,6,6,6,6,6;5,0,2,4,3,1
78;0;6,6,6,6,6,6;2,1,5,4,3,0
93;0;6,6,6,6,6,6;1,5,3,4,0,2
136;0;6,6,6,6,6,6;0,3,1,4,5,2
100;0;6,6,6,6,6,6;1,5,4,3,0,2
81;0;6,6,6,6,6,6;0,2,3,4,1,5
511;0;6,6,6,6,6,6;2,3,4,1,5,0
189;0;6,6,6,6,6,6;3,2,0,5,4,1
81;0;6,6,6,6,6,6;3,4,1,2,0,5
105;0;6,6,6,6,6,6;1,0,3,5,4,2
113;0;6,6,6,6,6,6;0,1,5,2,3,4
74;0;6,6,6,6,6,6;1,0,5,2,4,3
130;0;6,6,6,6,6,6;4,1,3,0,2,5
55;0;6,6,6,6,6,6;1,3,4,0,5,2
368;0;6,6,6,6,6,6;0,4,3,2,5,1
73;0;6,6,6,6,6,6;2,5,1,3,4,0
220;0;6,6,6,6,6,6;2,0,3,5,4,1
213;0;6,6,6,6,6,6;2,1,3,4,5,0
65;0;6,6,6,6,6,6;5,3,4,0,2,1
138;0;6,6,6,6,6,6;0,5,4,1,2,3
167;0;6,6,6,6,6,6;2,1,3,4,5,0
124;0;6,6,6,6,6,6;1,3,4,5,2,0
149;0;6,6,6,6,6,6;2,5,1,4,0,3
82;0;6,6,6,6,6,6;2,1,3,0,4,5
154;0;6,6,6,6,6,6;5,2,3,4,1,0
168;0;6,6,6,6,6,6;1,5,4,2,3,0
60;0;6,6,6,6,6,6;2,1,3,4,5,0
178;0;6,6,6,6,6,6;5,1,0,2,3,4
169;0;6,6,6,6,6,6;4,3,1,0,2,5
94;0;6,6,6,6,6,6;2,4,3,1,0,5
109;0;6,6,6,6,6,6;3,1,4,0,5,2
139;0;6,6,6,6,6,6;4,1,2,5,0,3
117;0;6,6,6,6,6,6;1,0,4,3,5,2
494;0;6,6,6,6,6,6;3,4,1,0,5,2
114;0;6,6,6,6,6,6;5,0,2,4,1,3
107;0;6,6,6,6,6,6;2,5,3,1,4,0
350;0;6,6,6,6,6,6;5,4,1,2,3,0
136;0;6,6,6,6,6,6;3,4,2,1,0,5
72;0;6,6,6,6,6,6;2,4,1,5,3,0
126;0;6,6,6,6,6,6;4,2,5,3,1,0
262;0;6,6,6,6,6,6;1,4,2,5,0,3
72;0;6,6,6,6,6,6;1,2,4,0,3,5
436;0;6,6,6,6,6,6;1,0,4,3,5,2
40;0;6,6,6,6,6,6;0,2,3,5,1,4
247;0;6,6,6,6,6,6;3,4,5,0,2,1
567;0;6,6,6,6,6,6;5,3,4,0,2,1
110;0;6,6,6,6,6,6;0,2,5,4,3,1
159;0;6,6,6,6,6,6;4,1,5,0,2,3
184;0;6,6,6,6,6,6;3,5,2,0,1,4
50;0;6,6,6,6,6,6;0,4,2,3,1,5
161;0;6,6,6,6,6,6;2,4,3,5,0,1
42;0;6,6,6,6,6,6;2,1,5,4,3,0
168;0;6,6,6,6,6,6;1,0,4,3,2,5
159;0;6,6,6,6,6,6;0,1,4,2,3,5
54;0;6,6,6,6,6,6;1,2,5,0,3,4
160;0;6,6,6,6,6,6;0,4,3,5,1,2
31;0;6,6,6,6,6,6;2,0,4,5,3,1
334;0;6,6,6,6,6,6;4,0,5,3,1,2
293;0;6,6,6,6,6,6;1,2,3,5,4,0
126;0;6,6,6,6,6,6;4,3,1,5,0,2
118;0;6,6,6,6,6,6;0,1,3,5,4,2
92;0;6,6,6,6,6,6;5,0,4,1,3,2
287;0;6,6,6,6,6,6;0,3,4,5,1,2
116;0;6,6,6,6,6,6;4,2,3,5,0,1
145;0;6,6,6,6,6,6;3,2,1,5,4,0
85;0;6,6,6,6,6,6;5,4,3,2,0,1
132;0;6,6,6,6,6,6;3,2,1,4,0,5
119;0;6,6,6,6,6,6;3,0,5,4,1,2
63;0;6,6,6,6,6,6;0,2,4,1,3,5
62;0;6,6,6,6,6,6;5,4,0,1,3,2
91;0;6,6,6,6,6,6;3,4,2,5,0,1
126;0;6,6,6,6,6,6;4,0,2,3,1,5
104;0;6,6,6,6,6,6;5,4,1,0,2,3
314;0;6,6,6,6,6,6;0,4,2,1,3,5
100;0;6,6,6,6,6,6;4,0,1,5,2,3
270;0;6,6,6,6,6,6;4,5,1,2,0,3
214;0;6,6,6,6,6,6;3,5,2,4,1,0
105;0;6,6,6,6,6,6;3,1,2,0,4,5
184;0;6,6,6,6,6,6;0,5,4,3,2,1
204;0;6,6,6,6,6,6;3,1,0,4,2,5
235;0;6,6,6,6,6,6;3,4,1,2,0,5
120;0;6,6,6,6,6,6;5,3,2,1,4,0
253;0;6,6,6,6,6,6;0,1,4,2,3,5
140;0;6,6,6,6,6,6;2,5,3,4,0,1
201;0;6,6,6,6,6,6;1,0,5,3,4,2
49;0;6,6,6,6,6,6;2,5,0,4,1,3
84;0;6,6,6,6,6,6;4,0,3,5,1,2
80;0;6,6,6,6,6,6;1,3,2,5,0,4
111;0;6,6,6,6,6,6;1,4,0,3,2,5
111;0;6,6,6,6,6,6;4,3,2,1,5,0
173;0;6,6,6,6,6,6;2,5,3,1,0,4
154;0;6,6,6,6,6,6;0,5,1,2,4,3
232;0;6,6,6,6,6,6;2,4,5,0,1,3
142;0;6,6,6,6,6,6;3,5,2,4,0,1
86;0;6,6,6,6,6,6;5,2,4,1,0,3
121;0;6,6,6,6,6,6;0,2,5,4,3,1
168;0;6,6,6,6,6,6;5,4,2,3,0,1
380;0;6,6,6,6,6,6;1,3,0,4,5,2
210;0;6,6,6,6,6,6;2,0,5,4,3,1
235;0;6,6,6,6,6,6;1,0,3,2,5,4
392;0;6,6,6,6,6,6;5,0,4,1,3,2
90;0;6,6,6,6,6,6;4,3,0,5,1,2
206;0;6,6,6,6,6,6;2,5,1,3,0,4
540;0;6,6,6,6,6,6;5,3,4,0,1,2
54;0;6,6,6,6,6,6;0,4,2,3,5,1
75;0;6,6,6,6,6,6;1,0,3,5,4,2
183;0;6,6,6,6,6,6;5,0,2,1,3,4
99;0;6,6,6,6,6,6;5,0,1,2,3,4
95;0;6,6,6,6,6,6;2,4,5,0,3,1
80;0;6,6,6,6,6,6;2,5,3,1,4,0
234;0;6,6,6,6,6,6;2,1,0,5,3,4
159;0;6,6,6,6,6,6;4,1,2,5,0,3
299;0;6,6,6,6,6,6;5,2,0,3,4,1
344;0;6,6,6,6,6,6;4,2,5,1,3,0
253;0;6,6,6,6,6,6;1,5,4,3,0,2
298;0;6,6,6,6,6,6;2,1,0,4,3,5
134;0;6,6,6,6,6,6;1,2,4,5,0,3
99;0;6,6,6,6,6,6;4,3,2,1,0,5
90;0;6,6,6,6,6,6;4,1,2,0,5,3
83;0;6,6,6,6,6,6;4,0,5,2,1,3
242;0;6,6,6,6,6,6;0,3,2,1,5,4
195;0;6,6,6,6,6,6;2,5,3,1,4,0
69;0;6,6,6,6,6,6;3,5,1,0,2,4
93;0;6,6,6,6,6,6;2,4,3,1,5,0
152;0;6,6,6,6,6,6;3,0,1,5,4,2
147;0;6,6,6,6,6,6;3,5,0,1,4,2
129;0;6,6,6,6,6,6;1,5,4,3,2,0
129;0;6,6,6,6,6,6;1,2,3,0,4,5
91;0;6,6,6,6,6,6;0,1,3,2,4,5
82;0;6,6,6,6,6,6;1,0,4,3,2,5
178;0;6,6,6,6,6,6;0,5,1,4,3,2
265;0;6,6,6,6,6,6;1,0,4,2,5,3
327;0;6,6,6,6,6,6;5,2,4,1,3,0
106;0;6,6,6,6,6,6;2,5,3,4,1,0
56;0;6,6,6,6,6,6;3,4,1,0,5,2
103;0;6,6,6,6,6,6;4,5,0,3,1,2
231;0;6,6,6,6,6,6;4,2,3,1,0,5
294;0;6,6,6,6,6,6;0,1,5,4,2,3
398;0;6,6,6,6,6,6;2,0,5,3,4,1
220;0;6,6,6,6,6,6;1,2,3,5,4,0
78;0;6,6,6,6,6,6;5,0,1,4,2,3
70;0;6,6,6,6,6,6;4,2,5,3,1,0
47;0;6,6,6,6,6,6;2,0,5,3,4,1
198;0;6,6,6,6,6,6;1,3,2,5,0,4
113;0;6,6,6,6,6,6;3,5,1,4,2,0
130;0;6,6,6,6,6,6;0,1,2,4,5,3
134;0;6,6,6,6,6,6;2,5,3,4,0,1
73;0;6,6,6,6,6,6;3,2,4,0,5,1
68;0;6,6,6,6,6,6;2,5,1,0,4,3
240;0;6,6,6,6,6,6;5,4,0,3,1,2
103;0;6,6,6,6,6,6;2,3,5,0,4,1
272;0;6,6,6,6,6,6;2,3,5,0,4,1
179;0;6,6,6,6,6,6;1,2,5,0,4,3
78;0;6,6,6,6,6,6;3,2,4,0,1,5
81;0;6,6,6,6,6,6;5,4,0,1,3,2
207;0;6,6,6,6,6,6;4,0,1,3,2,5
185;0;6,6,6,6,6,6;4,1,2,0,3,5
57;0;6,6,6,6,6,6;4,1,5,0,3,2
87;0;6,6,6,6,6,6;3,2,4,1,5,0
81;0;6,6,6,6,6,6;3,1,0,4,5,2
112;0;6,6,6,6,6,6;1,3,0,2,5,4
110;0;6,6,6,6,6,6;5,2,1,4,0,3
199;0;6,6,6,6,6,6;1,2,3,0,5,4
136;0;6,6,6,6,6,6;1,3,2,4,5,0
365;0;6,6,6,6,6,6;3,2,1,5,0,4
203;0;6,6,6,6,6,6;0,1,3,4,5,2
145;0;6,6,6,6,6,6;0,3,4,5,1,2
69;0;6,6,6,6,6,6;4,0,1,5,2,3
311;0;6,6,6,6,6,6;2,5,1,4,3,0
150;0;6,6,6,6,6,6;2,4,5,1,0,3
104;0;6,6,6,6,6,6;4,2,1,3,5,0
345;0;6,6,6,6,6,6;0,4,2,3,5,1
87;0;6,6,6,6,6,6;1,5,0,4,3,2
452;0;6,6,6,6,6,6;1,0,3,4,2,5
277;0;6,6,6,6,6,6;1,5,3,0,4,2
287;0;6,6,6,6,6,6;2,3,0,5,4,1
84;0;6,6,6,6,6,6;3,4,0,1,5,2
77;0;6,6,6,6,6,6;5,4,2,3,0,1
377;0;6,6,6,6,6,6;0,1,5,4,2,3
54;0;6,6,6,6,6,6;0,5,3,4,2,1
252;0;6,6,6,6,6,6;5,1,2,3,0,4
101;0;6,6,6,6,6,6;0,4,1,5,2,3
141;0;6,6,6,6,6,6;1,0,4,2,5,3
280;0;6,6,6,6,6,6;2,0,5,1,3,4
147;0;6,6,6,6,6,6;4,0,1,3,5,2
68;0;6,6,6,6,6,6;3,4,1,0,5,2
240;0;6,6,6,6,6,6;3,5,0,1,4,2
62;0;6,6,6,6,6,6;5,0,1,2,4,3
120;0;6,6,6,6,6,6;4,3,5,2,0,1
427;0;6,6,6,6,6,6;4,3,2,0,1,5
428;0;6,6,6,6,6,6;4,5,0,1,3,2
64;0;6,6,6,6,6,6;1,2,3,5,4,0
325;0;6,6,6,6,6,6;2,4,3,1,0,5
87;0;6,6,6,6,6,6;1,0,5,3,4,2
114;0;6,6,6,6,6,6;0,1,3,2,4,5
234;0;6,6,6,6,6,6;4,1,0,3,2,5
258;0;6,6,6,6,6,6;3,5,2,4,0,1
113;0;6,6,6,6,6,6;3,0,1,2,4,5
104;0;6,6,6,6,6,6;1,2,3,5,4,0
131;0;6,6,6,6,6,6;4,3,0,2,1,5
265;0;6,6,6,6,6,6;2,0,5,3,4,1
152;0;6,6,6,6,6,6;5,4,1,2,0,3
283;0;6,6,6,6,6,6;3,2,5,4,1,0
203;0;6,6,6,6,6,6;2,5,4,0,1,3
58;0;6,6,6,6,6,6;4,5,3,2,1,0
289;0;6,6,6,6,6,6;4,1,3,5,2,0
272;0;6,6,6,6,6,6;3,1,4,0,5,2
162;0;6,6,6,6,6,6;5,2,1,3,4,0
198;0;6,6,6,6,6,6;2,3,1,0,5,4
92;0;6,6,6,6,6,6;5,4,2,0,1,3
150;0;6,6,6,6,6,6;2,3,4,1,5,0
242;0;6,6,6,6,6,6;3,0,4,2,5,1
140;0;6,6,6,6,6,6;4,0,1,3,5,2
137;0;6,6,6,6,6,6;3,2,1,0,5,4
85;0;6,6,6,6,6,6;4,1,0,2,5,3
85;0;6,6,6,6,6,6;4,5,1,0,3,2
302;0;6,6,6,6,6,6;0,1,2,5,4,3
166;0;6,6,6,6,6,6;1,3,4,0,5,2
92;0;6,6,6,6,6,6;5,3,4,2,1,0
115;0;6,6,6,6,6,6;2,5,4,3,0,1
262;0;6,6,6,6,6,6;4,5,3,1,0,2
182;0;6,6,6,6,6,6;0,3,5,1,2,4
108;0;6,6,6,6,6,6;3,2,5,0,4,1
102;0;6,6,6,6,6,6;5,0,2,3,1,4
128;0;6,6,6,6,6,6;1,3,4,2,0,5
141;0;6,6,6,6,6,6;3,0,4,5,1,2
116;0;6,6,6,6,6,6;5,1,3,0,4,2
88;0;6,6,6,6,6,6;1,0,5,4,3,2
105;0;6,6,6,6,6,6;5,0,4,1,2,3
55;0;6,6,6,6,6,6;0,3,5,1,4,2
518;0;6,6,6,6,6,6;4,0,3,5,2,1
176;0;6,6,6,6,6,6;5,1,2,0,4,3
145;0;6,6,6,6,6,6;3,2,5,1,4,0
63;0;6,6,6,6,6,6;5,1,4,2,0,3
269;0;6,6,6,6,6,6;4,5,3,1,2,0
133;0;6,6,6,6,6,6;0,2,4,5,3,1
63;0;6,6,6,6,6,6;2,4,5,0,1,3
88;0;6,6,6,6,6,6;4,5,1,0,3,2
82;0;6,6,6,6,6,6;5,0,2,4,3,1
42;0;6,6,6,6,6,6;5,2,0,4,3,1
329;0;6,6,6,6,6,6;2,3,4,1,0,5
72;0;6,6,6,6,6,6;2,5,3,0,4,1
178;0;6,6,6,6,6,6;0,1,3,4,5,2
192;0;6,6,6,6,6,6;1,5,3,0,4,2
58;0;6,6,6,6,6,6;2,5,1,4,3,0
128;0;6,6,6,6,6,6;4,5,0,3,1,2
62;0;6,6,6,6,6,6;2,5,0,1,4,3
220;0;6,6,6,6,6,6;2,5,3,0,1,4
166;0;6,6,6,6,6,6;5,0,4,3,1,2
240;0;6,6,6,6,6,6;1,5,3,2,0,4
240;0;6,6,6,6,6,6;2,5,0,3,4,1
115;0;6,6,6,6,6,6;2,0,4,1,3,5
117;0;6,6,6,6,6,6;1,0,4,3,2,5
166;0;6,6,6,6,6,6;2,1,4,3,0,5
105;0;6,6,6,6,6,6;1,3,0,4,5,2
114;0;6,6,6,6,6,6;2,4,0,5,3,1
160;0;6,6,6,6,6,6;5,4,3,1,0,2
122;0;6,6,6,6,6,6;0,5,4,3,1,2
195;0;6,6,6,6,6,6;0,1,2,4,3,5
244;0;6,6,6,6,6,6;1,4,5,0,3,2
161;0;6,6,6,6,6,6;1,3,0,5,2,4
185;0;6,6,6,6,6,6;3,0,5,2,1,4
79;0;6,6,6,6,6,6;2,0,1,5,3,4
269;0;6,6,6,6,6,6;5,1,3,4,0,2
251;0;6,6,6,6,6,6;0,4,1,3,5,2
118;0;6,6,6,6,6,6;0,2,3,4,1,5
48;0;6,6,6,6,6,6;5,4,3,1,2,0
47;0;6,6,6,6,6,6;3,4,5,2,1,0
168;0;6,6,6,6,6,6;5,3,0,1,4,2
160;0;6,6,6,6,6,6;4,0,5,2,1,3
111;0;6,6,6,6,6,6;5,4,0,2,3,1
93;0;6,6,6,6,6,6;3,4,5,1,2,0
87;0;6,6,6,6,6,6;0,2,5,4,3,1
168;0;6,6,6,6,6,6;0,4,2,1,5,3
119;0;6,6,6,6,6,6;1,5,0,4,3,2
296;0;6,6,6,6,6,6;0,2,4,5,3,1
69;0;6,6,6,6,6,6;5,2,4,1,0,3
100;0;6,6,6,6,6,6;4,0,5,1,3,2
182;0;6,6,6,6,6,6;0,5,4,2,1,3
73;0;6,6,6,6,6,6;1,2,4,5,3,0
203;0;6,6,6,6,6,6;1,5,0,2,4,3
127;0;6,6,6,6,6,6;0,2,4,3,5,1
115;0;6,6,6,6,6,6;5,0,2,4,1,3
134;0;6,6,6,6,6,6;2,3,4,0,5,1
194;0;6,6,6,6,6,6;1,0,2,4,3,5
135;0;6,6,6,6,6,6;4,0,2,5,1,3
142;0;6,6,6,6,6,6;5,4,0,2,3,1
147;0;6,6,6,6,6,6;4,0,5,1,3,2
62;0;6,6,6,6,6,6;4,0,3,5,2,1
178;0;6,6,6,6,6,6;0,2,3,4,1,5
139;0;6,6,6,6,6,6;4,0,1,5,3,2
70;0;6,6,6,6,6,6;1,0,5,4,2,3
145;0;6,6,6,6,6,6;4,2,1,0,5,3
71;0;6,6,6,6,6,6;2,5,1,3,0,4
242;0;6,6,6,6,6,6;4,5,1,2,3,0
56;0;6,6,6,6,6,6;5,4,1,0,2,3
102;0;6,6,6,6,6,6;3,0,2,1,5,4
171;0;6,6,6,6,6,6;0,1,5,4,2,3
97;0;6,6,6,6,6,6;3,2,5,1,4,0
84;0;6,6,6,6,6,6;5,0,3,1,4,2
111;0;6,6,6,6,6,6;0,1,2,3,4,5
86;0;6,6,6,6,6,6;5,1,3,0,2,4
95;0;6,6,6,6,6,6;2,4,5,0,1,3
189;0;6,6,6,6,6,6;2,0,5,4,3,1
112;0;6,6,6,6,6,6;1,4,0,2,5,3
297;0;6,6,6,6,6,6;2,4,3,1,0,5
108;0;6,6,6,6,6,6;0,3,4,1,2,5
126;0;6,6,6,6,6,6;2,5,4,3,1,0
77;0;6,6,6,6,6,6;4,1,5,0,2,3
118;0;6,6,6,6,6,6;1,2,5,4,3,0
88;0;6,6,6,6,6,6;2,4,1,3,0,5
108;0;6,6,6,6,6,6;5,0,1,2,4,3
77;0;6,6,6,6,6,6;2,1,4,5,0,3
117;0;6,6,6,6,6,6;1,2,0,5,4,3
55;0;6,6,6,6,6,6;0,2,1,4,5,3
321;0;6,6,6,6,6,6;5,2,4,1,0,3
156;0;6,6,6,6,6,6;1,4,5,2,3,0
128;0;6,6,6,6,6,6;2,4,0,5,3,1
140;0;6,6,6,6,6,6;2,4,1,5,0,3
210;0;6,6,6,6,6,6;4,3,0,2,1,5
159;0;6,6,6,6,6,6;5,0,3,1,4,2
131;0;6,6,6,6,6,6;1,0,2,3,5,4
311;0;6,6,6,6,6,6;1,0,4,2,5,3
110;0;6,6,6,6,6,6;1,2,5,4,3,0
151;0;6,6,6,6,6,6;0,2,4,5,1,3
193;0;6,6,6,6,6,6;1,2,4,5,0,3
105;0;6,6,6,6,6,6;3,4,0,5,1,2
78;0;6,6,6,6,6,6;0,1,2,4,5,3
175;0;6,6,6,6,6,6;3,5,0,4,1,2
174;0;6,6,6,6,6,6;1,0,3,2,5,4
142;0;6,6,6,6,6,6;4,0,2,5,1,3
60;0;6,6,6,6,6,6;0,2,5,4,3,1
137;0;6,6,6,6,6,6;5,2,4,1,3,0
103;0;6,6,6,6,6,6;3,2,5,1,4,0
44;0;6,6,6,6,6,6;2,4,0,3,5,1
96;0;6,6,6,6,6,6;3,2,0,1,4,5
120;0;6,6,6,6,6,6;3,2,4,1,5,0
93;0;6,6,6,6,6,6;1,3,2,0,5,4
163;0;6,6,6,6,6,6;0,3,2,4,1,5
45;0;6,6,6,6,6,6;2,1,4,0,3,5
100;0;6,6,6,6,6,6;2,0,3,1,4,5
315;0;6,6,6,6,6,6;0,1,2,5,4,3
105;0;6,6,6,6,6,6;2,3,4,0,5,1
150;0;6,6,6,6,6,6;2,1,0,4,5,3
170;0;6,6,6,6,6,6;5,2,3,4,1,0
127;0;6,6,6,6,6,6;2,0,5,3,4,1
429;0;6,6,6,6,6,6;1,3,4,0,5,2
202;0;6,6,6,6,6,6;5,3,2,1,0,4
55;0;6,6,6,6,6,6;5,2,3,0,1,4
54;0;6,6,6,6,6,6;4,3,5,0,1,2
45;0;6,6,6,6,6,6;0,5,2,1,3,4
354;0;6,6,6,6,6,6;2,3,1,5,4,0
393;0;6,6,6,6,6,6;0,4,1,5,3,2
174;0;6,6,6,6,6,6;0,2,5,4,3,1
218;0;6,6,6,6,6,6;0,1,4,2,5,3
136;0;6,6,6,6,6,6;3,0,4,5,1,2
191;0;6,6,6,6,6,6;5,0,3,1,2,4
187;0;6,6,6,6,6,6;3,4,5,2,1,0
127;0;6,6,6,6,6,6;1,0,2,4,5,3
110;0;6,6,6,6,6,6;4,0,1,5,2,3
122;0;6,6,6,6,6,6;0,5,3,1,4,2
223;0;6,6,6,6,6,6;4,5,3,1,0,2
95;0;6,6,6,6,6,6;3,4,2,0,5,1
340;0;6,6,6,6,6,6;2,3,1,5,4,0
53;0;6,6,6,6,6,6;0,2,5,3,4,1
247;0;6,6,6,6,6,6;3,4,5,0,2,1
127;0;6,6,6,6,6,6;1,4,0,2,3,5
101;0;6,6,6,6,6,6;2,5,0,1,4,3
266;0;6,6,6,6,6,6;2,3,1,4,0,5
115;0;6,6,6,6,6,6;1,4,3,5,2,0
73;0;6,6,6,6,6,6;0,4,2,3,1,5
131;0;6,6,6,6,6,6;2,4,0,3,1,5
156;0;6,6,6,6,6,6;5,3,1,0,4,2
92;0;6,6,6,6,6,6;0,5,4,2,1,3
311;0;6,6,6,6,6,6;5,3,0,4,2,1
260;0;6,6,6,6,6,6;2,1,4,5,0,3
89;0;6,6,6,6,6,6;1,4,5,3,0,2
157;0;6,6,6,6,6,6;2,3,1,4,0,5
74;0;6,6,6,6,6,6;3,4,2,0,1,5
82;0;6,6,6,6,6,6;4,1,3,5,0,2
208;0;6,6,6,6,6,6;2,5,1,4,3,0
94;0;6,6,6,6,6,6;0,4,2,3,1,5
153;0;6,6,6,6,6,6;1,5,2,0,3,4
80;0;6,6,6,6,6,6;1,5,3,0,2,4
74;0;6,6,6,6,6,6;3,5,0,2,1,4
83;0;6,6,6,6,6,6;1,3,2,4,0,5
75;0;6,6,6,6,6,6;2,4,1,0,5,3
277;0;6,6,6,6,6,6;3,1,5,0,2,4
182;0;6,6,6,6,6,6;2,5,1,4,3,0
131;0;6,6,6,6,6,6;4,0,2,1,3,5
223;0;6,6,6,6,6,6;1,5,0,2,3,4
107;0;6,6,6,6,6,6;5,0,3,1,2,4
173;0;6,6,6,6,6,6;0,1,2,3,5,4
74;0;6,6,6,6,6,6;3,0,2,5,4,1
62;0;6,6,6,6,6,6;4,2,0,3,1,5
110;0;6,6,6,6,6,6;4,0,2,1,5,3
66;0;6,6,6,6,6,6;3,1,5,2,4,0
76;0;6,6,6,6,6,6;2,0,3,1,5,4
410;0;6,6,6,6,6,6;5,1,3,4,2,0
160;0;6,6,6,6,6,6;2,3,5,0,4,1
92;0;6,6,6,6,6,6;2,4,5,3,0,1
57;0;6,6,6,6,6,6;2,1,5,3,0,4
199;0;6,6,6,6,6,6;0,1,3,4,5,2
81;0;6,6,6,6,6,6;1,5,0,2,3,4
96;0;6,6,6,6,6,6;3,1,0,2,5,4
179;0;6,6,6,6,6,6;0,1,3,2,4,5
150;0;6,6,6,6,6,6;4,2,1,0,3,5
74;0;6,6,6,6,6,6;2,5,4,0,3,1
236;0;6,6,6,6,6,6;1,0,4,5,3,2
197;0;6,6,6,6,6,6;4,1,3,0,2,5
116;0;6,6,6,6,6,6;1,4,2,0,3,5
69;0;6,6,6,6,6,6;3,5,1,2,4,0
96;0;6,6,6,6,6,6;3,5,2,0,4,1
168;0;6,6,6,6,6,6;1,0,4,3,5,2
145;0;6,6,6,6,6,6;1,3,4,2,0,5
492;0;6,6,6,6,6,6;2,1,3,5,0,4
88;0;6,6,6,6,6,6;2,1,0,4,5,3
60;0;6,6,6,6,6,6;4,2,1,3,0,5
144;0;6,6,6,6,6,6;0,5,4,3,1,2
136;0;6,6,6,6,6,6;0,1,5,3,2,4
274;0;6,6,6,6,6,6;3,2,4,1,0,5
225;0;6,6,6,6,6,6;3,1,5,4,0,2
100;0;6,6,6,6,6,6;2,3,4,5,1,0
122;0;6,6,6,6,6,6;5,2,0,4,1,3
91;0;6,6,6,6,6,6;1,2,4,3,0,5
118;0;6,6,6,6,6,6;0,3,2,4,5,1
227;0;6,6,6,6,6,6;1,5,4,0,2,3
298;0;6,6,6,6,6,6;4,1,3,0,5,2
156;0;6,6,6,6,6,6;3,0,4,5,1,2
132;0;6,6,6,6,6,6;1,4,2,3,0,5
111;0;6,6,6,6,6,6;4,1,0,2,5,3
335;0;6,6,6,6,6,6;3,0,4,1,5,2
229;0;6,6,6,6,6,6;5,4,1,2,3,0
48;0;6,6,6,6,6,6;2,0,3,5,1,4
87;0;6,6,6,6,6,6;5,4,1,3,0,2
146;0;6,6,6,6,6,6;2,0,1,4,5,3
71;0;6,6,6,6,6,6;1,4,3,5,0,2
323;0;6,6,6,6,6,6;5,0,3,1,2,4
105;0;6,6,6,6,6,6;0,3,1,4,5,2
84;0;6,6,6,6,6,6;5,3,1,2,4,0
98;0;6,6,6,6,6,6;5,2,0,3,1,4
58;0;6,6,6,6,6,6;2,4,5,3,1,0
130;0;6,6,6,6,6,6;3,1,4,0,5,2
56;0;6,6,6,6,6,6;4,0,5,1,3,2
121;0;6,6,6,6,6,6;1,2,3,0,4,5
87;0;6,6,6,6,6,6;3,0,4,1,5,2
105;0;6,6,6,6,6,6;4,1,3,0,2,5
127;0;6,6,6,6,6,6;2,4,5,3,1,0
325;0;6,6,6,6,6,6;4,2,1,0,3,5
229;0;6,6,6,6,6,6;5,1,3,4,2,0
126;0;6,6,6,6,6,6;4,2,5,0,1,3
62;0;6,6,6,6,6,6;2,4,5,3,0,1
204;0;6,6,6,6,6,6;4,3,2,0,1,5
240;0;6,6,6,6,6,6;1,4,3,0,2,5
59;0;6,6,6,6,6,6;4,3,5,1,0,2
164;0;6,6,6,6,6,6;3,5,1,0,4,2
76;0;6,6,6,6,6,6;5,4,1,3,0,2
115;0;6,6,6,6,6,6;1,3,4,2,0,5
117;0;6,6,6,6,6,6;0,4,1,5,3,2
219;0;6,6,6,6,6,6;3,4,2,5,1,0
100;0;6,6,6,6,6,6;5,3,4,1,0,2
94;0;6,6,6,6,6,6;5,0,3,2,1,4
69;0;6,6,6,6,6,6;1,0,5,4,2,3
139;0;6,6,6,6,6,6;5,4,2,0,1,3
70;0;6,6,6,6,6,6;2,1,0,4,3,5
144;0;6,6,6,6,6,6;4,1,3,0,2,5
158;0;6,6,6,6,6,6;2,3,4,1,0,5
314;0;6,6,6,6,6,6;5,3,1,4,2,0
104;0;6,6,6,6,6,6;2,0,3,1,5,4
188;0;6,6,6,6,6,6;3,5,1,2,4,0
174;0;6,6,6,6,6,6;4,0,1,2,3,5
250;0;6,6,6,6,6,6;4,1,3,0,2,5
152;0;6,6,6,6,6,6;4,3,0,1,5,2
87;0;6,6,6,6,6,6;1,3,0,2,5,4
268;0;6,6,6,6,6,6;3,4,5,0,1,2
84;0;6,6,6,6,6,6;0,3,4,2,1,5
103;0;6,6,6,6,6,6;4,3,1,2,5,0
258;0;6,6,6,6,6,6;1,0,3,4,5,2
253;0;6,6,6,6,6,6;4,2,3,1,5,0
76;0;6,6,6,6,6,6;2,4,0,5,3,1
491;0;6,6,6,6,6,6;2,5,4,1,3,0
230;0;6,6,6,6,6,6;2,0,4,3,5,1
92;0;6,6,6,6,6,6;4,5,3,2,0,1
138;0;6,6,6,6,6,6;5,1,3,4,2,0
77;0;6,6,6,6,6,6;2,3,5,4,1,0
131;0;6,6,6,6,6,6;0,3,2,5,4,1
103;0;6,6,6,6,6,6;2,1,3,0,5,4
74;0;6,6,6,6,6,6;5,0,2,4,1,3
214;0;6,6,6,6,6,6;3,5,0,2,4,1
125;0;6,6,6,6,6,6;0,5,4,3,1,2
298;0;6,6,6,6,6,6;0,1,3,2,4,5
193;0;6,6,6,6,6,6;1,5,3,0,2,4
142;0;6,6,6,6,6,6;0,2,1,5,3,4
96;0;6,6,6,6,6,6;1,5,2,4,3,0
197;0;6,6,6,6,6,6;4,1,2,3,5,0
356;0;6,6,6,6,6,6;2,5,3,1,4,0
316;0;6,6,6,6,6,6;3,1,5,2,4,0
777;0;6,6,6,6,6,6;1,5,0,3,4,2
106;0;6,6,6,6,6,6;4,0,3,5,2,1
222;0;6,6,6,6,6,6;0,5,3,1,4,2
132;0;6,6,6,6,6,6;0,5,2,3,1,4
216;0;6,6,6,6,6,6;2,5,0,3,1,4
91;0;6,6,6,6,6,6;3,1,2,4,0,5
193;0;6,6,6,6,6,6;1,0,2,5,4,3
326;0;6,6,6,6,6,6;3,4,1,2,5,0
60;0;6,6,6,6,6,6;2,5,4,1,3,0
152;0;6,6,6,6,6,6;2,5,4,0,3,1
58;0;6,6,6,6,6,6;3,2,4,1,5,0
256;0;6,6,6,6,6,6;0,1,2,5,3,4
278;0;6,6,6,6,6,6;0,2,5,1,4,3
78;0;6,6,6,6,6,6;5,2,1,3,4,0
83;0;6,6,6,6,6,6;4,5,3,1,0,2
147;0;6,6,6,6,6,6;1,5,0,4,3,2
94;0;6,6,6,6,6,6;1,4,2,3,5,0
54;0;6,6,6,6,6,6;0,3,1,4,2,5
290;0;6,6,6,6,6,6;3,4,2,5,0,1
213;0;6,6,6,6,6,6;3,5,1,0,2,4
163;0;6,6,6,6,6,6;0,2,4,1,3,5
115;0;6,6,6,6,6,6;2,0,1,5,3,4
64;0;6,6,6,6,6,6;5,1,0,4,2,3
72;0;6,6,6,6,6,6;5,1,2,0,4,3
325;0;6,6,6,6,6,6;1,2,4,5,3,0
84;0;6,6,6,6,6,6;4,1,0,5,2,3
68;0;6,6,6,6,6,6;1,2,3,4,5,0
111;0;6,6,6,6,6,6;5,0,1,4,2,3
92;0;6,6,6,6,6,6;3,0,1,2,5,4
97;0;6,6,6,6,6,6;4,2,1,5,0,3
252;0;6,6,6,6,6,6;5,3,2,0,1,4
63;0;6,6,6,6,6,6;4,2,5,3,0,1
63;0;6,6,6,6,6,6;2,3,5,4,0,1
260;0;6,6,6,6,6,6;4,0,5,1,3,2
52;0;6,6,6,6,6,6;3,4,5,2,1,0
151;0;6,6,6,6,6,6;2,3,0,1,4,5
87;0;6,6,6,6,6,6;1,4,5,2,3,0
80;0;6,6,6,6,6,6;4,1,0,2,3,5
116;0;6,6,6,6,6,6;1,0,2,4,3,5
83;0;6,6,6,6,6,6;2,3,0,5,4,1
208;0;6,6,6,6,6,6;5,1,4,2,0,3
71;0;6,6,6,6,6,6;5,4,1,0,3,2
65;0;6,6,6,6,6,6;0,5,2,1,3,4
216;0;6,6,6,6,6,6;2,3,4,0,5,1
115;0;6,6,6,6,6,6;1,5,2,0,4,3
195;0;6,6,6,6,6,6;3,1,0,4,2,5
105;0;6,6,6,6,6,6;0,2,5,4,1,3
168;0;6,6,6,6,6,6;1,2,3,0,4,5
33;0;6,6,6,6,6,6;0,3,5,4,1,2
188;0;6,6,6,6,6,6;5,3,0,2,1,4
74;0;6,6,6,6,6,6;1,2,3,5,0,4
182;0;6,6,6,6,6,6;5,3,2,1,4,0
197;0;6,6,6,6,6,6;1,2,4,0,5,3
94;0;6,6,6,6,6,6;4,0,2,1,5,3
122;0;6,6,6,6,6,6;3,0,5,1,2,4
97;0;6,6,6,6,6,6;2,5,4,1,0,3
124;0;6,6,6,6,6,6;4,1,0,2,5,3
156;0;6,6,6,6,6,6;2,5,3,4,0,1
64;0;6,6,6,6,6,6;1,0,2,5,4,3
108;0;6,6,6,6,6,6;0,2,1,5,3,4
46;0;6,6,6,6,6,6;1,5,0,3,2,4
71;0;6,6,6,6,6,6;4,2,0,1,5,3
94;0;6,6,6,6,6,6;3,1,5,4,2,0
199;0;6,6,6,6,6,6;3,2,0,5,1,4
199;0;6,6,6,6,6,6;0,1,5,2,4,3
180;0;6,6,6,6,6,6;2,3,0,4,1,5
143;0;6,6,6,6,6,6;4,3,0,2,5,1
174;0;6,6,6,6,6,6;1,5,2,0,3,4
76;0;6,6,6,6,6,6;2,5,0,3,1,4
91;0;6,6,6,6,6,6;3,0,4,1,2,5
71;0;6,6,6,6,6,6;0,1,4,2,5,3
52;0;6,6,6,6,6,6;3,5,1,0,4,2
50;0;6,6,6,6,6,6;0,5,4,3,2,1
56;0;6,6,6,6,6,6;1,2,3,0,5,4
217;0;6,6,6,6,6,6;2,5,1,0,4,3
218;0;6,6,6,6,6,6;0,2,5,4,3,1
157;0;6,6,6,6,6,6;2,0,4,5,1,3
222;0;6,6,6,6,6,6;3,2,5,4,0,1
45;0;6,6,6,6,6,6;4,3,5,2,0,1
234;0;6,6,6,6,6,6;5,1,0,4,2,3
87;0;6,6,6,6,6,6;3,2,1,0,5,4
221;0;6,6,6,6,6,6;4,2,1,5,0,3
131;0;6,6,6,6,6,6;1,3,0,2,4,5
224;0;6,6,6,6,6,6;1,0,2,5,4,3
400;0;6,6,6,6,6,6;3,1,0,2,4,5
83;0;6,6,6,6,6,6;0,1,2,3,5,4
291;0;6,6,6,6,6,6;0,3,5,1,4,2
170;0;6,6,6,6,6,6;4,5,1,2,0,3
92;0;6,6,6,6,6,6;1,2,3,0,5,4
105;0;6,6,6,6,6,6;5,4,3,1,2,0
397;0;6,6,6,6,6,6;2,0,4,5,3,1
73;0;6,6,6,6,6,6;5,2,1,0,4,3
295;0;6,6,6,6,6,6;5,2,1,4,0,3
86;0;6,6,6,6,6,6;2,5,4,1,3,0
221;0;6,6,6,6,6,6;2,1,0,3,4,5
192;0;6,6,6,6,6,6;2,3,1,4,5,0
77;0;6,6,6,6,6,6;2,1,0,3,5,4
225;0;6,6,6,6,6,6;2,5,3,1,0,4
96;0;6,6,6,6,6,6;2,4,3,5,0,1
154;0;6,6,6,6,6,6;2,0,4,3,5,1
158;0;6,6,6,6,6,6;2,4,3,5,0,1
104;0;6,6,6,6,6,6;2,1,0,5,3,4
82;0;6,6,6,6,6,6;1,3,5,2,0,4
46;0;6,6,6,6,6,6;4,1,3,5,0,2
145;0;6,6,6,6,6,6;3,4,5,1,0,2
163;0;6,6,6,6,6,6;4,3,5,2,0,1
96;0;6,6,6,6,6,6;3,1,4,0,5,2
119;0;6,6,6,6,6,6;5,1,2,3,0,4
76;0;6,6,6,6,6,6;4,5,1,2,3,0
149;0;6,6,6,6,6,6;5,3,1,4,0,2
93;0;6,6,6,6,6,6;4,1,0,5,2,3
54;0;6,6,6,6,6,6;4,3,2,0,5,1
143;0;6,6,6,6,6,6;1,3,5,0,2,4
79;0;6,6,6,6,6,6;2,3,4,5,0,1
73;0;6,6,6,6,6,6;4,0,5,3,1,2
117;0;6,6,6,6,6,6;1,3,5,2,4,0
44;0;6,6,6,6,6,6;4,2,5,3,0,1
219;0;6,6,6,6,6,6;1,3,0,4,5,2
104;0;6,6,6,6,6,6;0,1,4,5,3,2
51;0;6,6,6,6,6,6;2,4,1,3,0,5
175;0;6,6,6,6,6,6;1,2,3,0,4,5
100;0;6,6,6,6,6,6;0,5,3,4,2,1
175;0;6,6,6,6,6,6;4,1,5,0,3,2
82;0;6,6,6,6,6,6;5,2,3,4,1,0
67;0;6,6,6,6,6,6;2,0,3,1,4,5
179;0;6,6,6,6,6,6;4,3,0,2,1,5
487;0;6,6,6,6,6,6;3,2,5,0,1,4
146;0;6,6,6,6,6,6;5,1,3,0,4,2
194;0;6,6,6,6,6,6;2,3,0,5,4,1
187;0;6,6,6,6,6,6;4,2,5,1,3,0
161;0;6,6,6,6,6,6;5,3,4,2,1,0
349;0;6,6,6,6,6,6;3,2,5,4,1,0
101;0;6,6,6,6,6,6;2,5,3,4,1,0
124;0;6,6,6,6,6,6;0,2,3,4,5,1
69;0;6,6,6,6,6,6;5,3,1,4,2,0
73;0;6,6,6,6,6,6;5,1,3,0,4,2
137;0;6,6,6,6,6,6;3,2,5,4,0,1
394;0;6,6,6,6,6,6;4,1,0,3,5,2
74;0;6,6,6,6,6,6;4,3,5,0,1,2
73;0;6,6,6,6,6,6;4,2,1,3,5,0
105;0;6,6,6,6,6,6;4,5,1,0,3,2
70;0;6,6,6,6,6,6;2,4,1,5,0,3
131;0;6,6,6,6,6,6;5,0,2,1,3,4
124;0;6,6,6,6,6,6;2,5,1,0,4,3
257;0;6,6,6,6,6,6;4,3,0,5,2,1
61;0;6,6,6,6,6,6;3,4,5,2,0,1
138;0;6,6,6,6,6,6;0,3,2,4,1,5
56;0;6,6,6,6,6,6;2,3,1,5,0,4
95;0;6,6,6,6,6,6;2,3,5,4,0,1
84;0;6,6,6,6,6,6;5,3,2,1,0,4
251;0;6,6,6,6,6,6;4,0,2,5,3,1
165;0;6,6,6,6,6,6;1,4,5,2,0,3
205;0;6,6,6,6,6,6;4,0,1,2,3,5
139;0;6,6,6,6,6,6;5,3,0,1,4,2
79;0;6,6,6,6,6,6;3,5,2,1,0,4
61;0;6,6,6,6,6,6;1,0,2,5,4,3
113;0;6,6,6,6,6,6;2,5,4,1,3,0
157;0;6,6,6,6,6,6;4,5,0,3,2,1
92;0;6,6,6,6,6,6;0,2,1,3,5,4
113;0;6,6,6,6,6,6;4,2,0,3,1,5
45;0;6,6,6,6,6,6;5,0,3,2,1,4
69;0;6,6,6,6,6,6;2,3,1,4,5,0
275;0;6,6,6,6,6,6;5,1,4,2,3,0
224;0;6,6,6,6,6,6;1,4,3,0,5,2
270;0;6,6,6,6,6,6;1,0,2,5,3,4
194;0;6,6,6,6,6,6;5,3,2,4,0,1
122;0;6,6,6,6,6,6;0,3,2,1,4,5
113;0;6,6,6,6,6,6;4,5,2,3,0,1
203;0;6,6,6,6,6,6;0,5,1,2,4,3
111;0;6,6,6,6,6,6;3,5,4,0,2,1
120;0;6,6,6,6,6,6;2,4,5,3,0,1
219;0;6,6,6,6,6,6;5,4,0,1,3,2
169;0;6,6,6,6,6,6;5,2,1,0,4,3
125;0;6,6,6,6,6,6;0,1,5,2,3,4
163;0;6,6,6,6,6,6;0,4,1,3,2,5
151;0;6,6,6,6,6,6;4,5,2,0,1,3
171;0;6,6,6,6,6,6;4,5,1,2,3,0
140;0;6,6,6,6,6,6;0,2,5,1,4,3
312;0;6,6,6,6,6,6;4,0,3,2,1,5
296;0;6,6,6,6,6,6;1,2,3,0,4,5
161;0;6,6,6,6,6,6;0,4,3,5,1,2
68;0;6,6,6,6,6,6;0,5,1,4,3,2
161;0;6,6,6,6,6,6;5,3,0,4,2,1
123;0;6,6,6,6,6,6;2,3,0,5,4,1
213;0;6,6,6,6,6,6;0,2,5,1,3,4
196;0;6,6,6,6,6,6;5,4,0,3,2,1
221;0;6,6,6,6,6,6;1,2,3,0,4,5
145;0;6,6,6,6,6,6;5,0,4,1,2,3
55;0;6,6,6,6,6,6;2,1,5,4,3,0
105;0;6,6,6,6,6,6;1,3,2,0,4,5
220;0;6,6,6,6,6,6;3,5,4,2,0,1
214;0;6,6,6,6,6,6;2,4,0,1,5,3
84;0;6,6,6,6,6,6;5,2,4,1,3,0
642;0;6,6,6,6,6,6;5,0,1,3,2,4
98;0;6,6,6,6,6,6;2,1,3,0,4,5
217;0;6,6,6,6,6,6;5,1,4,3,0,2
204;0;6,6,6,6,6,6;3,4,5,0,1,2
103;0;6,6,6,6,6,6;5,2,3,0,4,1
93;0;6,6,6,6,6,6;5,3,2,4,0,1
172;0;6,6,6,6,6,6;0,2,3,1,4,5
58;0;6,6,6,6,6,6;3,1,0,4,2,5
299;0;6,6,6,6,6,6;2,3,5,1,0,4
211;0;6,6,6,6,6,6;0,1,2,3,5,4
99;0;6,6,6,6,6,6;3,5,1,2,0,4
89;0;6,6,6,6,6,6;1,2,5,3,4,0
288;0;6,6,6,6,6,6;1,3,0,4,5,2
65;0;6,6,6,6,6,6;1,3,4,5,2,0
103;0;6,6,6,6,6,6;5,0,2,3,1,4
177;0;6,6,6,6,6,6;0,5,4,2,1,3
363;0;6,6,6,6,6,6;4,5,0,3,1,2
153;0;6,6,6,6,6,6;5,0,1,3,4,2
104;0;6,6,6,6,6,6;1,5,3,4,0,2
147;0;6,6,6,6,6,6;0,4,5,3,2,1
384;0;6,6,6,6,6,6;3,4,1,5,0,2
87;0;6,6,6,6,6,6;5,3,4,2,1,0
172;0;6,6,6,6,6,6;5,0,2,3,1,4
105;0;6,6,6,6,6,6;4,0,1,5,3,2
99;0;6,6,6,6,6,6;2,5,1,0,3,4
91;0;6,6,6,6,6,6;1,2,4,0,5,3
192;0;6,6,6,6,6,6;1,4,2,3,5,0
202;0;6,6,6,6,6,6;3,4,1,0,2,5
72;0;6,6,6,6,6,6;1,3,2,5,4,0
130;0;6,6,6,6,6,6;1,5,0,3,4,2
64;0;6,6,6,6,6,6;4,2,1,0,3,5
81;0;6,6,6,6,6,6;4,5,3,0,2,1
227;0;6,6,6,6,6,6;2,1,0,5,4,3
440;0;6,6,6,6,6,6;0,3,1,2,4,5
116;0;6,6,6,6,6,6;1,5,3,4,0,2
189;0;6,6,6,6,6,6;1,3,5,2,0,4
60;0;6,6,6,6,6,6;1,3,2,5,0,4
140;0;6,6,6,6,6,6;1,2,5,4,3,0
51;0;6,6,6,6,6,6;2,4,5,3,1,0
99;0;6,6,6,6,6,6;1,3,2,4,0,5
74;0;6,6,6,6,6,6;2,3,0,4,5,1
164;0;6,6,6,6,6,6;4,0,5,1,2,3
129;0;6,6,6,6,6,6;1,2,0,4,5,3
171;0;6,6,6,6,6,6;5,3,2,4,0,1
110;0;6,6,6,6,6,6;5,0,1,3,4,2
52;0;6,6,6,6,6,6;2,1,5,4,0,3
143;0;6,6,6,6,6,6;2,4,0,1,5,3
102;0;6,6,6,6,6,6;5,4,2,3,1,0
96;0;6,6,6,6,6,6;4,5,2,1,0,3
81;0;6,6,6,6,6,6;5,4,2,1,0,3
60;0;6,6,6,6,6,6;0,3,1,5,2,4
69;0;6,6,6,6,6,6;2,3,1,4,0,5
130;0;6,6,6,6,6,6;2,1,5,0,3,4
88;0;6,6,6,6,6,6;3,2,1,5,0,4
80;0;6,6,6,6,6,6;5,0,4,1,3,2
130;0;6,6,6,6,6,6;2,3,1,0,5,4
110;0;6,6,6,6,6,6;0,3,1,5,2,4
112;0;6,6,6,6,6,6;4,0,1,5,3,2
91;0;6,6,6,6,6,6;2,4,0,1,3,5
219;0;6,6,6,6,6,6;1,0,4,2,3,5
41;0;6,6,6,6,6,6;0,3,5,4,1,2
90;0;6,6,6,6,6,6;5,1,0,3,2,4
161;0;6,6,6,6,6,6;0,4,3,1,5,2
132;0;6,6,6,6,6,6;4,2,0,3,1,5
138;0;6,6,6,6,6,6;4,5,2,1,0,3
330;0;6,6,6,6,6,6;5,1,4,3,0,2
90;0;6,6,6,6,6,6;5,3,0,4,1,2
249;0;6,6,6,6,6,6;2,0,3,1,4,5
177;0;6,6,6,6,6,6;5,0,2,1,3,4
176;0;6,6,6,6,6,6;2,0,4,5,3,1
314;0;6,6,6,6,6,6;1,0,3,5,2,4
126;0;6,6,6,6,6,6;4,5,2,3,1,0
506;0;6,6,6,6,6,6;4,3,2,1,5,0
152;0;6,6,6,6,6,6;1,5,2,3,4,0
86;0;6,6,6,6,6,6;2,1,5,4,3,0
84;0;6,6,6,6,6,6;1,0,3,4,2,5
104;0;6,6,6,6,6,6;3,2,0,1,4,5
227;0;6,6,6,6,6,6;1,2,3,5,4,0
179;0;6,6,6,6,6,6;5,2,0,1,3,4
353;0;6,6,6,6,6,6;3,1,0,4,5,2
66;0;6,6,6,6,6,6;2,4,3,0,1,5
172;0;6,6,6,6,6,6;1,4,0,2,5,3
237;0;6,6,6,6,6,6;4,0,2,3,5,1
102;0;6,6,6,6,6,6;0,2,4,5,3,1
531;0;6,6,6,6,6,6;2,0,5,4,1,3
158;0;6,6,6,6,6,6;0,1,3,5,4,2
96;0;6,6,6,6,6,6;2,0,1,3,5,4
139;0;6,6,6,6,6,6;2,0,5,4,3,1
116;0;6,6,6,6,6,6;2,4,3,0,5,1
81;0;6,6,6,6,6,6;4,0,1,5,2,3
200;0;6,6,6,6,6,6;2,4,3,5,1,0
58;0;6,6,6,6,6,6;0,2,4,1,5,3
83;0;6,6,6,6,6,6;3,5,2,0,1,4
89;0;6,6,6,6,6,6;4,3,2,1,5,0
133;0;6,6,6,6,6,6;0,5,1,2,3,4
163;0;6,6,6,6,6,6;2,5,0,3,1,4
111;0;6,6,6,6,6,6;4,2,0,5,3,1
91;0;6,6,6,6,6,6;0,5,2,4,1,3
242;0;6,6,6,6,6,6;3,0,5,2,4,1
289;0;6,6,6,6,6,6;3,2,4,1,0,5
131;0;6,6,6,6,6,6;0,2,1,4,3,5
202;0;6,6,6,6,6,6;3,0,4,2,5,1
221;0;6,6,6,6,6,6;1,5,3,4,0,2
450;0;6,6,6,6,6,6;3,5,0,2,4,1
92;0;6,6,6,6,6,6;5,1,3,4,2,0
74;0;6,6,6,6,6,6;0,4,3,1,2,5
329;0;6,6,6,6,6,6;1,4,5,2,0,3
313;0;6,6,6,6,6,6;2,5,1,0,4,3
128;0;6,6,6,6,6,6;5,4,2,3,0,1
68;0;6,6,6,6,6,6;4,5,2,0,1,3
133;0;6,6,6,6,6,6;1,0,3,4,2,5
125;0;6,6,6,6,6,6;5,1,0,2,4,3
167;0;6,6,6,6,6,6;4,2,3,0,5,1
90;0;6,6,6,6,6,6;2,0,1,5,3,4
231;0;6,6,6,6,6,6;1,0,4,2,5,3
211;0;6,6,6,6,6,6;1,0,5,3,2,4
76;0;6,6,6,6,6,6;2,0,4,5,3,1
59;0;6,6,6,6,6,6;4,5,2,1,3,0
97;0;6,6,6,6,6,6;1,0,2,5,4,3
214;0;6,6,6,6,6,6;5,0,1,3,2,4
153;0;6,6,6,6,6,6;1,2,0,3,4,5
44;0;6,6,6,6,6,6;1,5,2,3,4,0
366;0;6,6,6,6,6,6;1,4,5,2,0,3
282;0;6,6,6,6,6,6;3,4,1,5,0,2
60;0;6,6,6,6,6,6;0,2,5,1,3,4
58;0;6,6,6,6,6,6;5,1,2,3,4,0
88;0;6,6,6,6,6,6;3,2,4,5,1,0
221;0;6,6,6,6,6,6;3,2,4,5,1,0
64;0;6,6,6,6,6,6;4,2,1,0,5,3
179;0;6,6,6,6,6,6;1,0,3,2,4,5
78;0;6,6,6,6,6,6;1,0,2,3,5,4
100;0;6,6,6,6,6,6;0,1,2,5,3,4
112;0;6,6,6,6,6,6;2,4,3,0,1,5
101;0;6,6,6,6,6,6;4,2,1,5,0,3
75;0;6,6,6,6,6,6;4,1,3,5,0,2
146;0;6,6,6,6,6,6;4,2,5,0,3,1
107;0;6,6,6,6,6,6;3,4,1,0,2,5
118;0;6,6,6,6,6,6;4,5,2,3,1,0
166;0;6,6,6,6,6,6;4,5,2,3,0,1
86;0;6,6,6,6,6,6;3,2,5,1,0,4
70;0;6,6,6,6,6,6;5,0,4,2,3,1
42;0;6,6,6,6,6,6;3,1,2,4,5,0
122;0;6,6,6,6,6,6;3,4,0,2,1,5
78;0;6,6,6,6,6,6;2,5,1,3,4,0
145;0;6,6,6,6,6,6;3,5,4,1,2,0
90;0;6,6,6,6,6,6;1,5,0,4,2,3
173;0;6,6,6,6,6,6;0,2,5,4,3,1
73;0;6,6,6,6,6,6;2,3,1,0,5,4
115;0;6,6,6,6,6,6;5,3,1,0,2,4
218;0;6,6,6,6,6,6;5,3,1,0,2,4
117;0;6,6,6,6,6,6;2,5,0,1,4,3
65;0;6,6,6,6,6,6;0,5,1,2,3,4
114;0;6,6,6,6,6,6;1,4,5,0,3,2
153;0;6,6,6,6,6,6;1,5,3,4,2,0
94;0;6,6,6,6,6,6;2,4,1,0,5,3
97;0;6,6,6,6,6,6;1,2,4,0,3,5
167;0;6,6,6,6,6,6;0,2,5,3,4,1
104;0;6,6,6,6,6,6;4,5,3,0,1,2
121;0;6,6,6,6,6,6;4,3,0,1,2,5
197;0;6,6,6,6,6,6;1,2,4,5,3,0
151;0;6,6,6,6,6,6;3,1,0,4,2,5
117;0;6,6,6,6,6,6;2,1,0,4,3,5
257;0;6,6,6,6,6,6;1,4,0,2,3,5
164;0;6,6,6,6,6,6;0,5,3,4,2,1
154;0;6,6,6,6,6,6;4,5,1,0,2,3
96;0;6,6,6,6,6,6;1,5,3,0,4,2
94;0;6,6,6,6,6,6;5,0,4,1,2,3
86;0;6,6,6,6,6,6;4,5,1,2,0,3
117;0;6,6,6,6,6,6;1,4,3,0,2,5
97;0;6,6,6,6,6,6;0,3,4,2,1,5
151;0;6,6,6,6,6,6;4,0,5,3,2,1
181;0;6,6,6,6,6,6;0,1,2,3,4,5
138;0;6,6,6,6,6,6;5,1,2,3,4,0
127;0;6,6,6,6,6,6;5,4,1,2,0,3
198;0;6,6,6,6,6,6;5,0,1,4,3,2
103;0;6,6,6,6,6,6;2,5,3,4,1,0
108;0;6,6,6,6,6,6;0,4,3,5,2,1
208;0;6,6,6,6,6,6;3,1,4,2,5,0
82;0;6,6,6,6,6,6;1,5,2,0,4,3
125;0;6,6,6,6,6,6;5,1,3,0,4,2
91;0;6,6,6,6,6,6;2,1,5,3,4,0
238;0;6,6,6,6,6,6;2,3,1,5,4,0
106;0;6,6,6,6,6,6;2,4,0,1,3,5
126;0;6,6,6,6,6,6;2,0,1,3,4,5
210;0;6,6,6,6,6,6;0,1,2,3,4,5
152;0;6,6,6,6,6,6;3,2,0,4,1,5
204;0;6,6,6,6,6,6;2,1,3,4,0,5
57;0;6,6,6,6,6,6;5,2,0,1,3,4
82;0;6,6,6,6,6,6;4,5,0,1,2,3
117;0;6,6,6,6,6,6;4,0,2,5,3,1
88;0;6,6,6,6,6,6;4,2,3,0,5,1
153;0;6,6,6,6,6,6;2,5,4,3,0,1
279;0;6,6,6,6,6,6;4,5,2,1,3,0
163;0;6,6,6,6,6,6;3,5,1,2,0,4
70;0;6,6,6,6,6,6;3,0,2,4,1,5
184;0;6,6,6,6,6,6;5,2,3,0,1,4
78;0;6,6,6,6,6,6;3,4,2,1,5,0
167;0;6,6,6,6,6,6;5,1,3,0,2,4
108;0;6,6,6,6,6,6;0,1,5,2,4,3
55;0;6,6,6,6,6,6;2,0,5,1,4,3
168;0;6,6,6,6,6,6;2,1,5,0,4,3
98;0;6,6,6,6,6,6;4,2,1,0,3,5
65;0;6,6,6,6,6,6;3,5,2,0,1,4
86;0;6,6,6,6,6,6;5,1,2,0,4,3
221;0;6,6,6,6,6,6;3,0,2,1,5,4
99;0;6,6,6,6,6,6;5,4,0,1,2,3
61;0;6,6,6,6,6,6;4,1,0,3,2,5
196;0;6,6,6,6,6,6;1,0,4,5,3,2
84;0;6,6,6,6,6,6;5,3,0,4,2,1
167;0;6,6,6,6,6,6;1,2,5,0,4,3
62;0;6,6,6,6,6,6;1,3,2,5,4,0
96;0;6,6,6,6,6,6;0,5,4,1,3,2
60;0;6,6,6,6,6,6;3,1,4,5,2,0
194;0;6,6,6,6,6,6;5,0,2,1,3,4
99;0;6,6,6,6,6,6;5,1,4,0,3,2
128;0;6,6,6,6,6,6;5,1,3,2,4,0
50;0;6,6,6,6,6,6;3,2,4,0,5,1
230;0;6,6,6,6,6,6;2,5,4,3,0,1
57;0;6,6,6,6,6,6;1,3,4,0,5,2
121;0;6,6,6,6,6,6;0,1,5,3,2,4
84;0;6,6,6,6,6,6;5,1,4,0,2,3
123;0;6,6,6,6,6,6;5,3,1,2,4,0
87;0;6,6,6,6,6,6;1,2,3,4,0,5
36;0;6,6,6,6,6,6;1,3,0,5,2,4
44;0;6,6,6,6,6,6;0,4,3,1,2,5
173;0;6,6,6,6,6,6;1,4,0,2,3,5
263;0;6,6,6,6,6,6;0,3,1,5,2,4
70;0;6,6,6,6,6,6;0,2,3,4,1,5
65;0;6,6,6,6,6,6;1,5,0,3,4,2
179;0;6,6,6,6,6,6;2,4,5,1,0,3
143;0;6,6,6,6,6,6;4,3,5,1,2,0
75;0;6,6,6,6,6,6;2,4,0,3,5,1
299;0;6,6,6,6,6,6;5,4,3,2,1,0
342;0;6,6,6,6,6,6;4,0,5,1,3,2
160;0;6,6,6,6,6,6;5,0,4,3,2,1
125;0;6,6,6,6,6,6;5,3,1,0,4,2
394;0;6,6,6,6,6,6;1,5,2,4,3,0
106;0;6,6,6,6,6,6;4,2,0,5,3,1
283;0;6,6,6,6,6,6;2,5,4,3,1,0
124;0;6,6,6,6,6,6;4,3,5,1,0,2
66;0;6,6,6,6,6,6;1,5,0,4,2,3
111;0;6,6,6,6,6,6;1,2,3,5,4,0
65;0;6,6,6,6,6,6;4,1,5,3,0,2
102;0;6,6,6,6,6,6;3,1,4,5,0,2
134;0;6,6,6,6,6,6;5,4,3,0,1,2
105;0;6,6,6,6,6,6;0,4,1,5,3,2
112;0;6,6,6,6,6,6;5,0,3,1,2,4
79;0;6,6,6,6,6,6;2,5,1,3,4,0
200;0;6,6,6,6,6,6;0,3,1,2,4,5
189;0;6,6,6,6,6,6;5,1,4,0,3,2
158;0;6,6,6,6,6,6;5,4,1,2,3,0
248;0;6,6,6,6,6,6;3,4,1,0,2,5
61;0;6,6,6,6,6,6;5,0,1,3,2,4
170;0;6,6,6,6,6,6;4,3,5,1,0,2
230;0;6,6,6,6,6,6;4,0,2,5,3,1
132;0;6,6,6,6,6,6;5,2,4,3,1,0
305;0;6,6,6,6,6,6;1,0,3,5,4,2
177;0;6,6,6,6,6,6;5,3,1,2,0,4
86;0;6,6,6,6,6,6;1,3,2,4,5,0
147;0;6,6,6,6,6,6;5,2,1,0,3,4
156;0;6,6,6,6,6,6;5,2,0,4,1,3
103;0;6,6,6,6,6,6;3,2,5,1,0,4
239;0;6,6,6,6,6,6;1,2,4,0,5,3
59;0;6,6,6,6,6,6;0,1,2,3,4,5
96;0;6,6,6,6,6,6;4,3,2,5,1,0
128;0;6,6,6,6,6,6;4,5,1,0,2,3
178;0;6,6,6,6,6,6;4,3,0,1,5,2
111;0;6,6,6,6,6,6;4,3,0,2,5,1
74;0;6,6,6,6,6,6;3,4,0,1,5,2
