97;0;6,6,6,6,6,6;0,1,3,4,5,2
83;0;6,6,6,6,6,6;3,5,1,4,2,0
82;0;6,6,6,6,6,6;4,5,1,0,3,2
596;0;6,6,6,6,6,6;4,1,3,5,2,0
112;0;6,6,6,6,6,6;5,0,2,3,1,4
174;0;6,6,6,6,6,6;1,3,5,2,0,4
87;0;6,6,6,6,6,6;5,3,4,0,1,2
157;0;6,6,6,6,6,6;0,1,5,4,3,2
85;0;6,6,6,6,6,6;1,5,2,0,3,4
131;0;6,6,6,6,6,6;5,2,3,1,0,4
194;0;6,6,6,6,6,6;4,0,5,3,2,1
218;0;6,6,6,6,6,6;0,2,5,3,1,4
59;0;6,6,6,6,6,6;2,4,5,0,1,3
174;0;6,6,6,6,6,6;2,4,5,1,0,3
123;0;6,6,6,6,6,6;4,2,3,0,1,5
154;0;6,6,6,6,6,6;1,3,0,2,5,4
104;0;6,6,6,6,6,6;5,0,2,4,1,3
125;0;6,6,6,6,6,6;0,1,5,2,4,3
119;0;6,6,6,6,6,6;1,0,3,4,2,5
170;0;6,6,6,6,6,6;1,2,4,0,3,5
86;0;6,6,6,6,6,6;4,0,3,2,1,5
52;0;6,6,6,6,6,6;2,0,1,5,3,4
213;0;6,6,6,6,6,6;4,5,0,2,1,3
189;0;6,6,6,6,6,6;2,1,0,5,3,4
129;0;6,6,6,6,6,6;0,5,4,2,1,3
171;0;6,6,6,6,6,6;2,3,4,5,0,1
71;0;6,6,6,6,6,6;0,2,4,1,3,5
103;0;6,6,6,6,6,6;2,3,5,4,1,0
180;0;6,6,6,6,6,6;4,3,0,5,2,1
106;0;6,6,6,6,6,6;4,0,5,2,3,1
233;0;6,6,6,6,6,6;0,2,3,4,1,5
204;0;6,6,6,6,6,6;5,1,2,3,4,0
294;0;6,6,6,6,6,6;1,2,0,5,4,3
80;0;6,6,6,6,6,6;1,5,3,2,4,0
213;0;6,6,6,6,6,6;3,2,0,5,4,1
186;0;6,6,6,6,6,6;0,5,1,3,4,2
425;0;6,6,6,6,6,6;1,5,4,3,2,0
98;0;6,6,6,6,6,6;2,1,4,3,5,0
126;0;6,6,6,6,6,6;5,1,0,2,4,3
94;0;6,6,6,6,6,6;1,2,4,3,0,5
148;0;6,6,6,6,6,6;0,4,3,5,1,2
225;0;6,6,6,6,6,6;5,3,0,1,4,2
101;0;6,6,6,6,6,6;5,3,1,0,4,2
50;0;6,6,6,6,6,6;3,2,5,1,0,4
157;0;6,6,6,6,6,6;3,2,0,5,4,1
79;0;6,6,6,6,6,6;1,0,5,4,2,3
150;0;6,6,6,6,6,6;3,4,1,2,5,0
116;0;6,6,6,6,6,6;1,0,3,4,2,5
316;0;6,6,6,6,6,6;5,4,3,0,2,1
35;0;6,6,6,6,6,6;1,2,0,5,4,3
190;0;6,6,6,6,6,6;4,1,5,0,2,3
82;0;6,6,6,6,6,6;5,4,2,1,3,0
228;0;6,6,6,6,6,6;1,3,5,2,4,0
300;0;6,6,6,6,6,6;1,2,5,3,0,4
435;0;6,6,6,6,6,6;5,3,0,1,4,2
190;0;6,6,6,6,6,6;0,4,2,3,1,5
70;0;6,6,6,6,6,6;1,3,0,4,5,2
109;0;6,6,6,6,6,6;0,3,4,1,5,2
91;0;6,6,6,6,6,6;2,1,4,0,3,5
183;0;6,6,6,6,6,6;2,3,4,5,1,0
106;0;6,6,6,6,6,6;1,3,0,5,2,4
95;0;6,6,6,6,6,6;3,5,1,2,0,4
299;0;6,6,6,6,6,6;3,4,0,5,2,1
126;0;6,6,6,6,6,6;1,3,5,0,2,4
65;0;6,6,6,6,6,6;0,1,3,2,5,4
149;0;6,6,6,6,6,6;4,0,1,3,2,5
106;0;6,6,6,6,6,6;1,4,5,2,0,3
564;0;6,6,6,6,6,6;1,4,3,5,2,0
86;0;6,6,6,6,6,6;4,2,5,0,1,3
191;0;6,6,6,6,6,6;0,1,2,3,4,5
147;0;6,6,6,6,6,6;1,4,0,3,2,5
169;0;6,6,6,6,6,6;0,2,1,4,5,3
158;0;6,6,6,6,6,6;5,1,4,3,2,0
90;0;6,6,6,6,6,6;0,3,2,1,5,4
71;0;6,6,6,6,6,6;1,4,3,0,5,2
195;0;6,6,6,6,6,6;3,0,2,1,5,4
101;0;6,6,6,6,6,6;0,1,5,3,2,4
108;0;6,6,6,6,6,6;4,3,0,1,5,2
89;0;6,6,6,6,6,6;1,3,0,2,5,4
75;0;6,6,6,6,6,6;1,3,5,4,0,2
198;0;6,6,6,6,6,6;4,2,0,3,5,1
145;0;6,6,6,6,6,6;1,5,2,0,3,4
97;0;6,6,6,6,6,6;0,1,5,3,2,4
80;0;6,6,6,6,6,6;5,2,4,3,1,0
141;0;6,6,6,6,6,6;5,4,0,3,2,1
191;0;6,6,6,6,6,6;2,3,1,5,0,4
116;0;6,6,6,6,6,6;2,4,0,1,5,3
86;0;6,6,6,6,6,6;4,3,2,0,1,5
270;0;6,6,6,6,6,6;0,1,5,3,4,2
438;0;6,6,6,6,6,6;5,2,3,0,1,4
105;0;6,6,6,6,6,6;2,5,4,0,1,3
121;0;6,6,6,6,6,6;5,3,4,0,2,1
105;0;6,6,6,6,6,6;3,1,0,2,5,4
195;0;6,6,6,6,6,6;0,1,4,3,5,2
74;0;6,6,6,6,6,6;1,3,4,0,5,2
54;0;6,6,6,6,6,6;4,2,5,1,0,3
157;0;6,6,6,6,6,6;1,4,3,2,0,5
182;0;6,6,6,6,6,6;1,5,0,3,4,2
54;0;6,6,6,6,6,6;0,1,2,5,4,3
117;0;6,6,6,6,6,6;2,5,1,3,4,0
498;0;6,6,6,6,6,6;4,2,3,0,5,1
288;0;6,6,6,6,6,6;5,2,3,0,4,1
88;0;6,6,6,6,6,6;1,4,5,3,0,2
105;0;6,6,6,6,6,6;2,3,4,5,1,0
147;0;6,6,6,6,6,6;4,5,3,0,1,2
175;0;6,6,6,6,6,6;1,4,5,3,0,2
92;0;6,6,6,6,6,6;3,4,0,5,1,2
108;0;6,6,6,6,6,6;2,5,0,4,3,1
61;0;6,6,6,6,6,6;1,5,0,3,4,2
173;0;6,6,6,6,6,6;1,2,4,5,3,0
118;0;6,6,6,6,6,6;3,2,4,0,5,1
103;0;6,6,6,6,6,6;1,3,4,2,5,0
104;0;6,6,6,6,6,6;4,0,3,5,2,1
205;0;6,6,6,6,6,6;3,4,5,2,0,1
124;0;6,6,6,6,6,6;0,1,4,5,2,3
121;0;6,6,6,6,6,6;2,4,1,3,5,0
108;0;6,6,6,6,6,6;3,5,1,2,0,4
74;0;6,6,6,6,6,6;5,2,1,3,4,0
346;0;6,6,6,6,6,6;1,5,3,0,4,2
103;0;6,6,6,6,6,6;0,4,2,1,3,5
116;0;6,6,6,6,6,6;5,0,2,1,4,3
101;0;6,6,6,6,6,6;5,0,1,3,2,4
83;0;6,6,6,6,6,6;3,5,4,1,2,0
127;0;6,6,6,6,6,6;3,2,1,4,0,5
489;0;6,6,6,6,6,6;3,5,4,2,1,0
87;0;6,6,6,6,6,6;0,4,5,2,1,3
136;0;6,6,6,6,6,6;5,2,4,1,3,0
134;0;6,6,6,6,6,6;5,0,1,2,3,4
157;0;6,6,6,6,6,6;5,2,1,0,3,4
74;0;6,6,6,6,6,6;4,5,3,0,2,1
325;0;6,6,6,6,6,6;5,3,1,2,0,4
77;0;6,6,6,6,6,6;1,5,4,2,3,0
168;0;6,6,6,6,6,6;1,3,4,5,0,2
127;0;6,6,6,6,6,6;3,4,5,1,0,2
428;0;6,6,6,6,6,6;4,0,1,5,2,3
293;0;6,6,6,6,6,6;0,2,4,1,3,5
258;0;6,6,6,6,6,6;5,2,4,1,3,0
189;0;6,6,6,6,6,6;5,4,3,0,2,1
50;0;6,6,6,6,6,6;4,2,5,0,3,1
72;0;6,6,6,6,6,6;0,2,4,1,3,5
98;0;6,6,6,6,6,6;4,0,5,3,2,1
116;0;6,6,6,6,6,6;5,2,4,3,0,1
67;0;6,6,6,6,6,6;5,1,4,0,3,2
109;0;6,6,6,6,6,6;1,4,3,0,5,2
110;0;6,6,6,6,6,6;0,1,3,4,2,5
54;0;6,6,6,6,6,6;4,0,3,5,1,2
98;0;6,6,6,6,6,6;4,1,3,5,0,2
157;0;6,6,6,6,6,6;0,5,1,2,4,3
75;0;6,6,6,6,6,6;5,4,3,0,2,1
203;0;6,6,6,6,6,6;0,4,1,3,2,5
284;0;6,6,6,6,6,6;0,5,4,2,1,3
120;0;6,6,6,6,6,6;5,1,3,4,2,0
195;0;6,6,6,6,6,6;4,5,3,2,0,1
155;0;6,6,6,6,6,6;0,3,2,1,5,4
145;0;6,6,6,6,6,6;4,0,5,3,1,2
108;0;6,6,6,6,6,6;0,1,3,2,4,5
45;0;6,6,6,6,6,6;0,2,1,5,3,4
126;0;6,6,6,6,6,6;3,5,2,0,4,1
124;0;6,6,6,6,6,6;2,5,1,3,0,4
78;0;6,6,6,6,6,6;0,3,5,1,4,2
218;0;6,6,6,6,6,6;1,4,2,5,3,0
143;0;6,6,6,6,6,6;5,3,4,1,2,0
43;0;6,6,6,6,6,6;3,1,4,5,2,0
277;0;6,6,6,6,6,6;1,4,0,3,2,5
390;0;6,6,6,6,6,6;4,0,1,3,2,5
108;0;6,6,6,6,6,6;1,2,5,0,4,3
132;0;6,6,6,6,6,6;0,4,3,1,5,2
77;0;6,6,6,6,6,6;0,4,3,1,5,2
78;0;6,6,6,6,6,6;0,1,5,3,4,2
176;0;6,6,6,6,6,6;0,4,1,2,5,3
98;0;6,6,6,6,6,6;0,1,3,5,4,2
80;0;6,6,6,6,6,6;5,1,3,2,0,4
101;0;6,6,6,6,6,6;2,5,4,3,1,0
85;0;6,6,6,6,6,6;4,3,0,5,1,2
103;0;6,6,6,6,6,6;5,4,1,3,0,2
159;0;6,6,6,6,6,6;0,3,4,2,5,1
83;0;6,6,6,6,6,6;4,0,1,2,5,3
68;0;6,6,6,6,6,6;1,0,4,3,2,5
89;0;6,6,6,6,6,6;0,5,1,2,4,3
175;0;6,6,6,6,6,6;4,0,1,3,5,2
104;0;6,6,6,6,6,6;0,2,4,5,3,1
250;0;6,6,6,6,6,6;2,5,0,4,3,1
126;0;6,6,6,6,6,6;3,1,2,4,0,5
95;0;6,6,6,6,6,6;3,5,2,4,0,1
108;0;6,6,6,6,6,6;2,5,1,4,3,0
307;0;6,6,6,6,6,6;3,1,5,2,0,4
45;0;6,6,6,6,6,6;3,2,0,5,4,1
459;0;6,6,6,6,6,6;0,4,1,5,2,3
98;0;6,6,6,6,6,6;3,4,5,0,2,1
313;0;6,6,6,6,6,6;5,2,1,3,4,0
66;0;6,6,6,6,6,6;4,2,0,1,3,5
120;0;6,6,6,6,6,6;1,4,2,5,3,0
158;0;6,6,6,6,6,6;5,2,4,0,1,3
67;0;6,6,6,6,6,6;0,5,4,1,3,2
186;0;6,6,6,6,6,6;0,2,1,5,4,3
190;0;6,6,6,6,6,6;0,1,4,5,3,2
223;0;6,6,6,6,6,6;2,0,1,5,3,4
96;0;6,6,6,6,6,6;2,1,5,0,4,3
116;0;6,6,6,6,6,6;3,0,2,1,4,5
134;0;6,6,6,6,6,6;1,4,3,2,5,0
338;0;6,6,6,6,6,6;5,3,0,2,1,4
100;0;6,6,6,6,6,6;5,2,3,1,4,0
108;0;6,6,6,6,6,6;5,1,0,4,2,3
273;0;6,6,6,6,6,6;4,1,5,3,2,0
119;0;6,6,6,6,6,6;5,2,1,0,4,3
69;0;6,6,6,6,6,6;4,0,3,5,2,1
63;0;6,6,6,6,6,6;4,5,2,0,1,3
85;0;6,6,6,6,6,6;0,1,3,4,5,2
74;0;6,6,6,6,6,6;5,2,1,3,4,0
59;0;6,6,6,6,6,6;4,2,3,1,5,0
198;0;6,6,6,6,6,6;2,5,1,3,0,4
291;0;6,6,6,6,6,6;2,5,1,0,3,4
134;0;6,6,6,6,6,6;5,2,4,0,1,3
330;0;6,6,6,6,6,6;3,0,5,4,2,1
65;0;6,6,6,6,6,6;5,4,3,2,0,1
200;0;6,6,6,6,6,6;0,3,1,5,4,2
70;0;6,6,6,6,6,6;2,0,3,4,1,5
175;0;6,6,6,6,6,6;0,5,2,1,3,4
95;0;6,6,6,6,6,6;5,4,1,3,0,2
234;0;6,6,6,6,6,6;3,0,4,5,1,2
100;0;6,6,6,6,6,6;3,2,4,1,5,0
112;0;6,6,6,6,6,6;3,4,0,1,2,5
206;0;6,6,6,6,6,6;1,4,5,3,0,2
125;0;6,6,6,6,6,6;2,5,3,1,0,4
96;0;6,6,6,6,6,6;0,4,3,1,5,2
270;0;6,6,6,6,6,6;2,0,4,3,1,5
88;0;6,6,6,6,6,6;0,4,5,1,3,2
150;0;6,6,6,6,6,6;2,5,3,0,4,1
136;0;6,6,6,6,6,6;3,5,4,2,1,0
63;0;6,6,6,6,6,6;0,2,1,5,4,3
67;0;6,6,6,6,6,6;1,0,5,2,4,3
97;0;6,6,6,6,6,6;0,3,2,4,5,1
71;0;6,6,6,6,6,6;5,1,4,2,0,3
125;0;6,6,6,6,6,6;5,4,1,0,2,3
158;0;6,6,6,6,6,6;4,2,0,3,1,5
153;0;6,6,6,6,6,6;3,1,2,4,0,5
327;0;6,6,6,6,6,6;3,2,5,0,1,4
143;0;6,6,6,6,6,6;0,2,5,1,4,3
92;0;6,6,6,6,6,6;2,5,1,3,4,0
102;0;6,6,6,6,6,6;1,5,3,2,0,4
253;0;6,6,6,6,6,6;4,3,2,0,5,1
140;0;6,6,6,6,6,6;4,1,3,0,5,2
136;0;6,6,6,6,6,6;0,2,4,5,3,1
217;0;6,6,6,6,6,6;2,3,5,0,4,1
52;0;6,6,6,6,6,6;5,1,2,4,0,3
183;0;6,6,6,6,6,6;5,4,3,0,1,2
268;0;6,6,6,6,6,6;4,3,2,0,1,5
141;0;6,6,6,6,6,6;3,5,4,2,0,1
76;0;6,6,6,6,6,6;3,0,4,1,5,2
93;0;6,6,6,6,6,6;2,0,4,1,5,3
97;0;6,6,6,6,6,6;1,3,0,2,4,5
69;0;6,6,6,6,6,6;2,4,5,1,0,3
169;0;6,6,6,6,6,6;4,3,5,0,1,2
143;0;6,6,6,6,6,6;2,0,4,1,5,3
72;0;6,6,6,6,6,6;3,1,5,4,0,2
126;0;6,6,6,6,6,6;4,3,2,1,0,5
125;0;6,6,6,6,6,6;0,1,3,4,5,2
130;0;6,6,6,6,6,6;4,0,1,5,2,3
235;0;6,6,6,6,6,6;2,0,4,1,3,5
213;0;6,6,6,6,6,6;0,4,5,1,3,2
78;0;6,6,6,6,6,6;2,3,0,1,5,4
290;0;6,6,6,6,6,6;4,3,2,1,0,5
94;0;6,6,6,6,6,6;4,2,3,1,0,5
361;0;6,6,6,6,6,6;3,1,4,2,0,5
134;0;6,6,6,6,6,6;3,4,1,5,2,0
167;0;6,6,6,6,6,6;4,2,0,3,5,1
79;0;6,6,6,6,6,6;4,2,0,1,3,5
85;0;6,6,6,6,6,6;4,5,0,1,2,3
102;0;6,6,6,6,6,6;2,0,5,3,4,1
39;0;6,6,6,6,6,6;2,3,0,4,5,1
149;0;6,6,6,6,6,6;1,5,2,4,0,3
74;0;6,6,6,6,6,6;1,0,4,3,5,2
54;0;6,6,6,6,6,6;1,0,3,5,2,4
201;0;6,6,6,6,6,6;1,5,0,2,3,4
178;0;6,6,6,6,6,6;2,3,0,4,5,1
237;0;6,6,6,6,6,6;3,4,0,2,5,1
144;0;6,6,6,6,6,6;0,2,1,3,4,5
86;0;6,6,6,6,6,6;3,0,1,5,2,4
167;0;6,6,6,6,6,6;1,3,2,0,4,5
130;0;6,6,6,6,6,6;2,5,0,3,4,1
210;0;6,6,6,6,6,6;1,0,3,5,2,4
255;0;6,6,6,6,6,6;1,3,5,4,0,2
60;0;6,6,6,6,6,6;2,3,5,1,4,0
55;0;6,6,6,6,6,6;0,4,1,2,5,3
311;0;6,6,6,6,6,6;5,4,1,0,2,3
121;0;6,6,6,6,6,6;5,4,2,3,1,0
48;0;6,6,6,6,6,6;2,3,5,4,0,1
346;0;6,6,6,6,6,6;5,1,4,3,2,0
104;0;6,6,6,6,6,6;3,0,5,1,4,2
98;0;6,6,6,6,6,6;1,5,3,4,0,2
190;0;6,6,6,6,6,6;1,2,3,0,5,4
81;0;6,6,6,6,6,6;2,0,4,1,3,5
205;0;6,6,6,6,6,6;1,3,2,4,0,5
289;0;6,6,6,6,6,6;0,1,3,4,5,2
66;0;6,6,6,6,6,6;4,1,3,5,0,2
171;0;6,6,6,6,6,6;1,3,0,2,4,5
67;0;6,6,6,6,6,6;1,4,5,2,0,3
78;0;6,6,6,6,6,6;2,1,0,4,3,5
143;0;6,6,6,6,6,6;3,0,2,5,4,1
76;0;6,6,6,6,6,6;1,0,2,5,4,3
102;0;6,6,6,6,6,6;1,2,3,5,4,0
128;0;6,6,6,6,6,6;2,0,3,4,5,1
337;0;6,6,6,6,6,6;0,4,3,2,1,5
79;0;6,6,6,6,6,6;0,5,1,3,4,2
169;0;6,6,6,6,6,6;2,5,0,3,1,4
146;0;6,6,6,6,6,6;1,2,4,3,5,0
175;0;6,6,6,6,6,6;5,1,0,3,4,2
199;0;6,6,6,6,6,6;0,4,2,3,5,1
203;0;6,6,6,6,6,6;3,2,5,1,0,4
153;0;6,6,6,6,6,6;3,0,2,1,5,4
57;0;6,6,6,6,6,6;0,2,3,1,5,4
134;0;6,6,6,6,6,6;4,5,3,0,1,2
270;0;6,6,6,6,6,6;3,1,4,2,0,5
61;0;6,6,6,6,6,6;0,5,3,2,4,1
137;0;6,6,6,6,6,6;3,2,0,1,5,4
108;0;6,6,6,6,6,6;1,2,0,3,4,5
222;0;6,6,6,6,6,6;0,3,2,5,4,1
66;0;6,6,6,6,6,6;0,1,4,5,2,3
56;0;6,6,6,6,6,6;5,4,3,1,0,2
81;0;6,6,6,6,6,6;0,1,4,2,3,5
103;0;6,6,6,6,6,6;3,5,1,4,2,0
475;0;6,6,6,6,6,6;2,5,1,4,3,0
527;0;6,6,6,6,6,6;1,2,4,0,5,3
90;0;6,6,6,6,6,6;3,5,2,1,4,0
112;0;6,6,6,6,6,6;1,3,0,2,5,4
109;0;6,6,6,6,6,6;0,2,1,3,5,4
209;0;6,6,6,6,6,6;4,1,0,5,3,2
330;0;6,6,6,6,6,6;4,2,1,3,0,5
152;0;6,6,6,6,6,6;2,0,3,1,5,4
286;0;6,6,6,6,6,6;5,1,2,4,3,0
58;0;6,6,6,6,6,6;0,3,1,2,5,4
170;0;6,6,6,6,6,6;1,5,0,2,4,3
371;0;6,6,6,6,6,6;3,0,4,2,5,1
65;0;6,6,6,6,6,6;2,4,1,0,3,5
61;0;6,6,6,6,6,6;3,2,5,1,4,0
357;0;6,6,6,6,6,6;3,4,5,2,1,0
97;0;6,6,6,6,6,6;3,4,5,2,0,1
232;0;6,6,6,6,6,6;3,5,2,4,0,1
313;0;6,6,6,6,6,6;1,5,4,2,3,0
159;0;6,6,6,6,6,6;4,3,2,1,0,5
299;0;6,6,6,6,6,6;3,4,2,5,1,0
91;0;6,6,6,6,6,6;2,4,5,3,0,1
188;0;6,6,6,6,6,6;5,1,3,0,4,2
452;0;6,6,6,6,6,6;4,0,1,3,5,2
87;0;6,6,6,6,6,6;3,1,5,2,4,0
109;0;6,6,6,6,6,6;5,3,0,1,4,2
272;0;6,6,6,6,6,6;3,1,4,0,5,2
178;0;6,6,6,6,6,6;0,2,3,5,1,4
191;0;6,6,6,6,6,6;2,4,0,5,1,3
71;0;6,6,6,6,6,6;4,2,5,1,3,0
178;0;6,6,6,6,6,6;0,4,2,3,5,1
113;0;6,6,6,6,6,6;0,4,2,1,5,3
97;0;6,6,6,6,6,6;0,1,2,4,3,5
50;0;6,6,6,6,6,6;2,4,0,1,5,3
71;0;6,6,6,6,6,6;3,2,1,5,0,4
181;0;6,6,6,6,6,6;4,2,0,1,3,5
126;0;6,6,6,6,6,6;3,0,4,5,2,1
110;0;6,6,6,6,6,6;4,2,1,0,3,5
251;0;6,6,6,6,6,6;3,1,0,4,5,2
317;0;6,6,6,6,6,6;2,4,3,0,1,5
163;0;6,6,6,6,6,6;2,0,1,3,5,4
129;0;6,6,6,6,6,6;2,3,5,0,1,4
63;0;6,6,6,6,6,6;2,1,4,5,3,0
278;0;6,6,6,6,6,6;2,0,4,3,5,1
81;0;6,6,6,6,6,6;3,0,2,5,1,4
39;0;6,6,6,6,6,6;1,2,0,4,5,3
136;0;6,6,6,6,6,6;0,4,2,1,5,3
64;0;6,6,6,6,6,6;0,3,4,5,2,1
371;0;6,6,6,6,6,6;0,5,2,1,3,4
393;0;6,6,6,6,6,6;1,5,2,4,3,0
280;0;6,6,6,6,6,6;0,1,4,5,2,3
135;0;6,6,6,6,6,6;5,3,2,1,4,0
146;0;6,6,6,6,6,6;4,3,2,0,1,5
87;0;6,6,6,6,6,6;5,2,0,1,3,4
638;0;6,6,6,6,6,6;4,2,0,1,5,3
53;0;6,6,6,6,6,6;4,5,2,1,0,3
107;0;6,6,6,6,6,6;1,5,0,3,2,4
211;0;6,6,6,6,6,6;4,0,3,5,1,2
54;0;6,6,6,6,6,6;1,5,2,4,3,0
129;0;6,6,6,6,6,6;5,0,4,2,3,1
258;0;6,6,6,6,6,6;0,2,3,1,4,5
271;0;6,6,6,6,6,6;3,2,4,5,0,1
139;0;6,6,6,6,6,6;3,4,0,1,5,2
101;0;6,6,6,6,6,6;3,1,0,5,2,4
150;0;6,6,6,6,6,6;5,4,1,2,3,0
130;0;6,6,6,6,6,6;3,2,1,4,0,5
425;0;6,6,6,6,6,6;2,5,0,1,4,3
254;0;6,6,6,6,6,6;0,1,2,3,5,4
81;0;6,6,6,6,6,6;3,0,2,1,4,5
99;0;6,6,6,6,6,6;1,5,2,0,3,4
193;0;6,6,6,6,6,6;1,0,4,5,2,3
138;0;6,6,6,6,6,6;5,0,4,1,3,2
61;0;6,6,6,6,6,6;0,5,4,1,3,2
162;0;6,6,6,6,6,6;1,4,0,2,5,3
85;0;6,6,6,6,6,6;5,1,0,4,3,2
94;0;6,6,6,6,6,6;1,3,0,2,5,4
376;0;6,6,6,6,6,6;5,1,4,0,3,2
249;0;6,6,6,6,6,6;4,0,5,2,3,1
92;0;6,6,6,6,6,6;2,1,4,3,5,0
30;0;6,6,6,6,6,6;2,1,3,5,0,4
78;0;6,6,6,6,6,6;2,0,1,5,3,4
263;0;6,6,6,6,6,6;5,3,0,1,2,4
96;0;6,6,6,6,6,6;2,0,1,5,4,3
89;0;6,6,6,6,6,6;4,2,5,1,3,0
393;0;6,6,6,6,6,6;4,5,0,3,1,2
202;0;6,6,6,6,6,6;2,4,5,3,0,1
113;0;6,6,6,6,6,6;2,5,4,0,3,1
115;0;6,6,6,6,6,6;2,0,3,1,4,5
182;0;6,6,6,6,6,6;1,4,0,5,2,3
98;0;6,6,6,6,6,6;4,0,1,5,2,3
99;0;6,6,6,6,6,6;2,3,0,4,1,5
121;0;6,6,6,6,6,6;1,4,3,5,0,2
114;0;6,6,6,6,6,6;4,3,5,0,2,1
45;0;6,6,6,6,6,6;2,1,3,5,0,4
103;0;6,6,6,6,6,6;3,1,0,4,2,5
208;0;6,6,6,6,6,6;1,4,3,0,2,5
47;0;6,6,6,6,6,6;4,2,0,3,5,1
139;0;6,6,6,6,6,6;1,3,5,4,2,0
232;0;6,6,6,6,6,6;1,4,0,5,3,2
104;0;6,6,6,6,6,6;5,3,1,2,0,4
110;0;6,6,6,6,6,6;3,2,5,4,0,1
122;0;6,6,6,6,6,6;5,2,3,1,4,0
194;0;6,6,6,6,6,6;4,1,3,5,0,2
154;0;6,6,6,6,6,6;1,5,0,3,2,4
179;0;6,6,6,6,6,6;5,1,2,0,4,3
72;0;6,6,6,6,6,6;1,2,0,5,4,3
100;0;6,6,6,6,6,6;0,1,3,2,4,5
155;0;6,6,6,6,6,6;0,4,2,1,3,5
114;0;6,6,6,6,6,6;5,4,2,3,0,1
378;0;6,6,6,6,6,6;0,2,5,3,1,4
45;0;6,6,6,6,6,6;2,0,5,3,1,4
139;0;6,6,6,6,6,6;4,1,0,5,2,3
109;0;6,6,6,6,6,6;3,0,2,1,5,4
204;0;6,6,6,6,6,6;3,1,2,0,4,5
50;0;6,6,6,6,6,6;2,5,4,1,3,0
158;0;6,6,6,6,6,6;5,0,2,1,3,4
141;0;6,6,6,6,6,6;4,0,5,3,1,2
251;0;6,6,6,6,6,6;2,5,1,0,4,3
85;0;6,6,6,6,6,6;4,3,0,5,1,2
426;0;6,6,6,6,6,6;1,0,4,5,2,3
138;0;6,6,6,6,6,6;5,2,1,3,0,4
368;0;6,6,6,6,6,6;2,3,1,0,4,5
114;0;6,6,6,6,6,6;0,2,1,5,3,4
181;0;6,6,6,6,6,6;4,1,3,0,2,5
248;0;6,6,6,6,6,6;4,3,2,0,1,5
193;0;6,6,6,6,6,6;3,1,4,0,2,5
97;0;6,6,6,6,6,6;2,3,5,4,1,0
100;0;6,6,6,6,6,6;1,2,0,3,4,5
97;0;6,6,6,6,6,6;2,5,3,4,1,0
117;0;6,6,6,6,6,6;3,2,5,0,1,4
123;0;6,6,6,6,6,6;5,3,1,0,4,2
98;0;6,6,6,6,6,6;2,3,4,5,1,0
74;0;6,6,6,6,6,6;5,3,1,0,2,4
138;0;6,6,6,6,6,6;3,2,0,4,1,5
344;0;6,6,6,6,6,6;3,0,5,2,4,1
96;0;6,6,6,6,6,6;2,4,3,0,5,1
100;0;6,6,6,6,6,6;1,0,2,4,5,3
262;0;6,6,6,6,6,6;4,0,1,5,3,2
110;0;6,6,6,6,6,6;1,5,2,0,3,4
138;0;6,6,6,6,6,6;2,5,0,4,1,3
240;0;6,6,6,6,6,6;0,5,2,4,1,3
68;0;6,6,6,6,6,6;4,1,5,3,2,0
107;0;6,6,6,6,6,6;2,4,5,0,1,3
216;0;6,6,6,6,6,6;0,1,4,3,5,2
183;0;6,6,6,6,6,6;0,2,3,5,4,1
85;0;6,6,6,6,6,6;0,1,2,4,5,3
322;0;6,6,6,6,6,6;3,2,0,4,1,5
252;0;6,6,6,6,6,6;5,3,1,0,2,4
205;0;6,6,6,6,6,6;4,2,3,5,1,0
182;0;6,6,6,6,6,6;2,1,0,4,3,5
79;0;6,6,6,6,6,6;3,4,1,0,2,5
60;0;6,6,6,6,6,6;3,1,5,2,0,4
122;0;6,6,6,6,6,6;5,2,4,0,3,1
154;0;6,6,6,6,6,6;4,1,5,0,3,2
69;0;6,6,6,6,6,6;2,1,5,4,0,3
127;0;6,6,6,6,6,6;2,3,5,1,4,0
137;0;6,6,6,6,6,6;1,0,3,4,5,2
105;0;6,6,6,6,6,6;0,4,5,3,2,1
571;0;6,6,6,6,6,6;1,5,2,4,0,3
279;0;6,6,6,6,6,6;2,4,0,1,5,3
129;0;6,6,6,6,6,6;3,2,0,1,5,4
176;0;6,6,6,6,6,6;0,4,5,2,1,3
198;0;6,6,6,6,6,6;0,5,1,4,3,2
81;0;6,6,6,6,6,6;3,0,4,5,1,2
223;0;6,6,6,6,6,6;0,5,3,2,4,1
150;0;6,6,6,6,6,6;3,4,0,2,5,1
165;0;6,6,6,6,6,6;4,2,0,3,1,5
95;0;6,6,6,6,6,6;3,5,1,4,2,0
157;0;6,6,6,6,6,6;5,4,3,0,2,1
61;0;6,6,6,6,6,6;0,1,4,3,5,2
187;0;6,6,6,6,6,6;4,5,2,0,1,3
91;0;6,6,6,6,6,6;3,5,2,0,4,1
146;0;6,6,6,6,6,6;0,1,2,4,3,5
181;0;6,6,6,6,6,6;5,1,0,2,3,4
117;0;6,6,6,6,6,6;5,0,4,2,1,3
75;0;6,6,6,6,6,6;1,2,4,0,3,5
161;0;6,6,6,6,6,6;1,5,3,4,2,0
232;0;6,6,6,6,6,6;3,1,0,4,5,2
66;0;6,6,6,6,6,6;2,3,0,5,4,1
166;0;6,6,6,6,6,6;0,1,4,5,2,3
231;0;6,6,6,6,6,6;3,2,4,1,5,0
130;0;6,6,6,6,6,6;4,3,5,0,2,1
408;0;6,6,6,6,6,6;3,1,5,4,0,2
118;0;6,6,6,6,6,6;5,1,4,3,0,2
136;0;6,6,6,6,6,6;4,2,5,3,1,0
109;0;6,6,6,6,6,6;4,3,5,1,0,2
72;0;6,6,6,6,6,6;2,0,4,5,1,3
129;0;6,6,6,6,6,6;0,4,2,3,5,1
174;0;6,6,6,6,6,6;5,4,2,3,0,1
155;0;6,6,6,6,6,6;4,2,5,0,3,1
53;0;6,6,6,6,6,6;5,0,2,4,3,1
256;0;6,6,6,6,6,6;0,1,3,2,4,5
93;0;6,6,6,6,6,6;0,5,4,1,3,2
159;0;6,6,6,6,6,6;5,1,2,0,4,3
200;0;6,6,6,6,6,6;0,1,3,4,2,5
177;0;6,6,6,6,6,6;1,3,5,2,4,0
236;0;6,6,6,6,6,6;4,5,2,3,1,0
122;0;6,6,6,6,6,6;2,5,0,1,3,4
107;0;6,6,6,6,6,6;1,2,4,3,5,0
282;0;6,6,6,6,6,6;2,1,3,5,0,4
173;0;6,6,6,6,6,6;2,3,4,1,0,5
115;0;6,6,6,6,6,6;1,0,5,3,2,4
126;0;6,6,6,6,6,6;3,5,0,2,1,4
179;0;6,6,6,6,6,6;2,0,3,4,1,5
236;0;6,6,6,6,6,6;1,3,5,0,4,2
92;0;6,6,6,6,6,6;2,3,0,4,1,5
174;0;6,6,6,6,6,6;1,4,5,2,3,0
167;0;6,6,6,6,6,6;2,5,1,0,3,4
103;0;6,6,6,6,6,6;1,2,4,0,5,3
381;0;6,6,6,6,6,6;0,4,3,1,2,5
110;0;6,6,6,6,6,6;5,4,3,2,1,0
230;0;6,6,6,6,6,6;0,3,4,1,5,2
167;0;6,6,6,6,6,6;4,5,2,0,3,1
326;0;6,6,6,6,6,6;5,3,0,2,1,4
144;0;6,6,6,6,6,6;1,5,3,0,2,4
118;0;6,6,6,6,6,6;3,4,2,5,0,1
172;0;6,6,6,6,6,6;2,5,1,0,4,3
96;0;6,6,6,6,6,6;3,1,0,5,2,4
196;0;6,6,6,6,6,6;1,0,5,4,2,3
102;0;6,6,6,6,6,6;3,5,2,1,4,0
45;0;6,6,6,6,6,6;2,3,4,0,5,1
78;0;6,6,6,6,6,6;4,0,2,5,3,1
331;0;6,6,6,6,6,6;3,5,2,1,4,0
164;0;6,6,6,6,6,6;5,4,1,3,0,2
83;0;6,6,6,6,6,6;4,2,1,5,3,0
384;0;6,6,6,6,6,6;0,5,2,1,4,3
69;0;6,6,6,6,6,6;5,2,0,4,1,3
123;0;6,6,6,6,6,6;5,2,1,0,3,4
170;0;6,6,6,6,6,6;1,2,5,3,4,0
164;0;6,6,6,6,6,6;5,0,2,4,1,3
379;0;6,6,6,6,6,6;5,0,3,4,2,1
305;0;6,6,6,6,6,6;1,3,0,2,4,5
369;0;6,6,6,6,6,6;1,5,4,2,0,3
82;0;6,6,6,6,6,6;5,3,2,4,0,1
226;0;6,6,6,6,6,6;2,3,0,1,4,5
60;0;6,6,6,6,6,6;5,2,1,3,4,0
66;0;6,6,6,6,6,6;1,2,4,0,3,5
88;0;6,6,6,6,6,6;3,4,5,0,2,1
235;0;6,6,6,6,6,6;2,4,1,5,0,3
211;0;6,6,6,6,6,6;1,2,3,5,0,4
79;0;6,6,6,6,6,6;3,1,2,0,5,4
99;0;6,6,6,6,6,6;4,5,1,3,2,0
144;0;6,6,6,6,6,6;3,5,1,0,2,4
334;0;6,6,6,6,6,6;4,1,0,3,5,2
242;0;6,6,6,6,6,6;4,2,5,0,1,3
153;0;6,6,6,6,6,6;4,3,0,5,2,1
290;0;6,6,6,6,6,6;4,5,3,0,1,2
230;0;6,6,6,6,6,6;2,1,4,3,0,5
475;0;6,6,6,6,6,6;1,4,0,5,3,2
112;0;6,6,6,6,6,6;1,5,2,0,3,4
76;0;6,6,6,6,6,6;1,5,2,3,0,4
169;0;6,6,6,6,6,6;0,5,2,4,3,1
68;0;6,6,6,6,6,6;0,4,1,2,5,3
160;0;6,6,6,6,6,6;5,2,4,0,1,3
115;0;6,6,6,6,6,6;4,0,2,5,3,1
108;0;6,6,6,6,6,6;5,2,1,3,4,0
113;0;6,6,6,6,6,6;2,5,1,3,0,4
76;0;6,6,6,6,6,6;5,3,2,1,0,4
329;0;6,6,6,6,6,6;4,1,0,2,5,3
454;0;6,6,6,6,6,6;1,4,5,2,3,0
68;0;6,6,6,6,6,6;0,1,4,5,3,2
87;0;6,6,6,6,6,6;0,3,4,5,1,2
314;0;6,6,6,6,6,6;5,4,1,3,0,2
126;0;6,6,6,6,6,6;1,0,3,4,2,5
164;0;6,6,6,6,6,6;3,2,4,1,0,5
89;0;6,6,6,6,6,6;1,5,4,2,3,0
104;0;6,6,6,6,6,6;4,1,2,3,0,5
159;0;6,6,6,6,6,6;5,3,0,4,1,2
116;0;6,6,6,6,6,6;4,0,1,3,2,5
132;0;6,6,6,6,6,6;0,4,5,3,1,2
128;0;6,6,6,6,6,6;3,1,0,4,5,2
330;0;6,6,6,6,6,6;5,0,4,2,3,1
90;0;6,6,6,6,6,6;2,3,0,5,1,4
157;0;6,6,6,6,6,6;4,5,3,0,1,2
208;0;6,6,6,6,6,6;3,1,0,5,2,4
276;0;6,6,6,6,6,6;1,4,5,2,3,0
292;0;6,6,6,6,6,6;2,4,1,0,5,3
90;0;6,6,6,6,6,6;3,4,2,5,0,1
232;0;6,6,6,6,6,6;2,3,4,5,1,0
146;0;6,6,6,6,6,6;5,1,3,2,0,4
310;0;6,6,6,6,6,6;3,0,2,1,4,5
110;0;6,6,6,6,6,6;2,3,5,4,1,0
310;0;6,6,6,6,6,6;5,0,4,2,3,1
81;0;6,6,6,6,6,6;0,2,5,3,1,4
170;0;6,6,6,6,6,6;3,0,4,2,5,1
128;0;6,6,6,6,6,6;4,0,3,5,2,1
63;0;6,6,6,6,6,6;0,5,4,3,1,2
98;0;6,6,6,6,6,6;2,5,4,3,1,0
72;0;6,6,6,6,6,6;3,1,2,0,4,5
236;0;6,6,6,6,6,6;5,2,0,3,4,1
139;0;6,6,6,6,6,6;0,5,1,3,2,4
242;0;6,6,6,6,6,6;3,5,1,0,4,2
136;0;6,6,6,6,6,6;5,2,1,4,0,3
202;0;6,6,6,6,6,6;2,0,3,4,1,5
63;0;6,6,6,6,6,6;5,1,3,0,4,2
54;0;6,6,6,6,6,6;3,4,1,5,2,0
79;0;6,6,6,6,6,6;4,3,0,5,2,1
183;0;6,6,6,6,6,6;1,4,0,2,5,3
108;0;6,6,6,6,6,6;2,3,4,0,5,1
199;0;6,6,6,6,6,6;3,1,0,5,2,4
78;0;6,6,6,6,6,6;5,0,2,4,3,1
318;0;6,6,6,6,6,6;2,4,0,5,1,3
98;0;6,6,6,6,6,6;5,3,1,0,4,2
99;0;6,6,6,6,6,6;1,2,0,5,3,4
87;0;6,6,6,6,6,6;4,3,1,5,2,0
252;0;6,6,6,6,6,6;3,5,1,0,2,4
142;0;6,6,6,6,6,6;5,3,2,1,0,4
252;0;6,6,6,6,6,6;1,2,5,4,0,3
276;0;6,6,6,6,6,6;0,2,5,1,4,3
257;0;6,6,6,6,6,6;3,0,4,1,2,5
92;0;6,6,6,6,6,6;5,2,4,0,1,3
145;0;6,6,6,6,6,6;1,4,5,0,2,3
101;0;6,6,6,6,6,6;1,5,4,3,2,0
147;0;6,6,6,6,6,6;0,1,3,5,4,2
147;0;6,6,6,6,6,6;3,5,4,0,2,1
110;0;6,6,6,6,6,6;1,2,3,4,5,0
105;0;6,6,6,6,6,6;5,3,1,0,2,4
132;0;6,6,6,6,6,6;3,1,2,0,4,5
170;0;6,6,6,6,6,6;4,2,5,3,0,1
137;0;6,6,6,6,6,6;5,3,0,4,2,1
190;0;6,6,6,6,6,6;5,2,4,0,1,3
237;0;6,6,6,6,6,6;2,4,1,0,3,5
125;0;6,6,6,6,6,6;1,4,5,3,2,0
164;0;6,6,6,6,6,6;5,3,1,4,2,0
533;0;6,6,6,6,6,6;2,3,1,0,5,4
79;0;6,6,6,6,6,6;0,2,5,1,3,4
154;0;6,6,6,6,6,6;3,1,0,4,2,5
107;0;6,6,6,6,6,6;1,2,3,4,0,5
80;0;6,6,6,6,6,6;3,2,1,4,5,0
156;0;6,6,6,6,6,6;4,5,3,2,1,0
48;0;6,6,6,6,6,6;4,2,1,0,5,3
76;0;6,6,6,6,6,6;2,3,4,5,1,0
72;0;6,6,6,6,6,6;2,4,5,3,1,0
88;0;6,6,6,6,6,6;3,4,5,0,1,2
192;0;6,6,6,6,6,6;5,1,2,0,4,3
157;0;6,6,6,6,6,6;0,2,5,1,3,4
104;0;6,6,6,6,6,6;2,0,4,5,1,3
74;0;6,6,6,6,6,6;0,1,3,2,4,5
108;0;6,6,6,6,6,6;4,2,0,3,5,1
96;0;6,6,6,6,6,6;0,2,4,1,3,5
82;0;6,6,6,6,6,6;2,4,5,0,3,1
282;0;6,6,6,6,6,6;5,0,2,3,1,4
368;0;6,6,6,6,6,6;2,1,0,3,4,5
196;0;6,6,6,6,6,6;3,4,0,2,1,5
201;0;6,6,6,6,6,6;2,3,5,0,1,4
132;0;6,6,6,6,6,6;5,2,4,0,3,1
170;0;6,6,6,6,6,6;2,3,0,4,1,5
50;0;6,6,6,6,6,6;4,2,3,1,0,5
105;0;6,6,6,6,6,6;5,0,4,1,2,3
159;0;6,6,6,6,6,6;1,5,4,2,0,3
83;0;6,6,6,6,6,6;2,3,0,1,4,5
255;0;6,6,6,6,6,6;2,1,3,5,0,4
93;0;6,6,6,6,6,6;2,5,0,4,3,1
122;0;6,6,6,6,6,6;3,4,1,2,5,0
345;0;6,6,6,6,6,6;0,2,1,4,5,3
316;0;6,6,6,6,6,6;5,0,1,2,4,3
254;0;6,6,6,6,6,6;4,3,2,1,5,0
70;0;6,6,6,6,6,6;2,1,0,3,4,5
66;0;6,6,6,6,6,6;3,0,4,5,1,2
120;0;6,6,6,6,6,6;3,5,4,2,1,0
341;0;6,6,6,6,6,6;4,2,0,1,5,3
101;0;6,6,6,6,6,6;1,2,3,5,0,4
61;0;6,6,6,6,6,6;1,3,4,2,5,0
94;0;6,6,6,6,6,6;4,1,5,0,2,3
145;0;6,6,6,6,6,6;4,5,2,3,0,1
432;0;6,6,6,6,6,6;5,0,2,4,1,3
99;0;6,6,6,6,6,6;0,5,2,3,4,1
208;0;6,6,6,6,6,6;0,2,1,4,5,3
101;0;6,6,6,6,6,6;5,2,4,0,1,3
298;0;6,6,6,6,6,6;0,1,2,4,3,5
81;0;6,6,6,6,6,6;0,4,5,1,3,2
54;0;6,6,6,6,6,6;1,3,2,0,5,4
325;0;6,6,6,6,6,6;2,0,1,3,5,4
187;0;6,6,6,6,6,6;4,3,2,1,5,0
82;0;6,6,6,6,6,6;3,2,1,4,0,5
200;0;6,6,6,6,6,6;0,5,2,1,3,4
100;0;6,6,6,6,6,6;0,2,5,3,4,1
266;0;6,6,6,6,6,6;1,5,0,4,3,2
126;0;6,6,6,6,6,6;4,2,1,3,5,0
289;0;6,6,6,6,6,6;5,4,2,1,0,3
205;0;6,6,6,6,6,6;5,3,0,1,4,2
124;0;6,6,6,6,6,6;2,5,3,4,1,0
198;0;6,6,6,6,6,6;2,4,3,1,0,5
63;0;6,6,6,6,6,6;2,5,0,4,1,3
52;0;6,6,6,6,6,6;5,2,1,3,0,4
157;0;6,6,6,6,6,6;2,1,5,4,0,3
206;0;6,6,6,6,6,6;0,3,1,2,5,4
82;0;6,6,6,6,6,6;3,5,4,1,0,2
142;0;6,6,6,6,6,6;0,3,1,2,4,5
293;0;6,6,6,6,6,6;1,4,0,2,5,3
175;0;6,6,6,6,6,6;1,2,3,5,4,0
132;0;6,6,6,6,6,6;0,2,3,4,1,5
85;0;6,6,6,6,6,6;5,4,1,2,0,3
97;0;6,6,6,6,6,6;5,4,3,1,0,2
114;0;6,6,6,6,6,6;0,5,3,4,2,1
93;0;6,6,6,6,6,6;4,3,2,0,1,5
105;0;6,6,6,6,6,6;1,2,5,4,3,0
49;0;6,6,6,6,6,6;5,2,0,3,4,1
187;0;6,6,6,6,6,6;0,3,4,5,2,1
108;0;6,6,6,6,6,6;5,2,1,3,4,0
125;0;6,6,6,6,6,6;0,5,4,3,1,2
127;0;6,6,6,6,6,6;5,4,0,3,1,2
200;0;6,6,6,6,6,6;5,4,2,1,0,3
103;0;6,6,6,6,6,6;4,3,2,5,1,0
152;0;6,6,6,6,6,6;1,3,0,5,2,4
263;0;6,6,6,6,6,6;3,4,2,0,1,5
30;0;6,6,6,6,6,6;4,2,3,0,5,1
98;0;6,6,6,6,6,6;5,0,1,4,3,2
87;0;6,6,6,6,6,6;1,2,3,4,0,5
81;0;6,6,6,6,6,6;4,0,5,3,1,2
129;0;6,6,6,6,6,6;2,0,1,4,3,5
57;0;6,6,6,6,6,6;0,1,4,5,2,3
119;0;6,6,6,6,6,6;3,5,0,2,1,4
199;0;6,6,6,6,6,6;4,1,2,0,5,3
169;0;6,6,6,6,6,6;2,3,1,0,4,5
158;0;6,6,6,6,6,6;2,5,1,4,0,3
70;0;6,6,6,6,6,6;1,3,0,5,2,4
60;0;6,6,6,6,6,6;3,5,2,0,4,1
113;0;6,6,6,6,6,6;5,0,1,4,3,2
139;0;6,6,6,6,6,6;5,4,1,0,3,2
134;0;6,6,6,6,6,6;4,3,2,5,1,0
158;0;6,6,6,6,6,6;0,4,3,5,1,2
154;0;6,6,6,6,6,6;1,5,2,0,4,3
152;0;6,6,6,6,6,6;3,4,0,5,1,2
64;0;6,6,6,6,6,6;5,0,3,4,1,2
136;0;6,6,6,6,6,6;2,3,4,0,5,1
94;0;6,6,6,6,6,6;3,1,4,2,5,0
100;0;6,6,6,6,6,6;4,3,0,5,1,2
91;0;6,6,6,6,6,6;1,3,2,5,4,0
110;0;6,6,6,6,6,6;1,2,5,3,4,0
117;0;6,6,6,6,6,6;4,2,1,3,0,5
477;0;6,6,6,6,6,6;1,5,2,4,0,3
94;0;6,6,6,6,6,6;3,1,2,5,0,4
96;0;6,6,6,6,6,6;5,2,0,3,4,1
198;0;6,6,6,6,6,6;4,3,2,0,1,5
62;0;6,6,6,6,6,6;3,1,2,0,4,5
138;0;6,6,6,6,6,6;5,0,1,2,3,4
107;0;6,6,6,6,6,6;1,5,4,0,2,3
324;0;6,6,6,6,6,6;1,0,3,2,4,5
60;0;6,6,6,6,6,6;3,4,0,5,1,2
188;0;6,6,6,6,6,6;0,3,2,1,4,5
134;0;6,6,6,6,6,6;1,0,4,3,5,2
77;0;6,6,6,6,6,6;4,0,3,1,2,5
80;0;6,6,6,6,6,6;1,4,5,2,0,3
67;0;6,6,6,6,6,6;2,1,5,0,4,3
242;0;6,6,6,6,6,6;1,3,4,0,2,5
83;0;6,6,6,6,6,6;1,2,3,4,0,5
71;0;6,6,6,6,6,6;3,2,1,4,5,0
196;0;6,6,6,6,6,6;5,3,4,0,1,2
220;0;6,6,6,6,6,6;1,3,0,2,4,5
246;0;6,6,6,6,6,6;3,5,0,1,4,2
264;0;6,6,6,6,6,6;3,4,2,0,5,1
201;0;6,6,6,6,6,6;4,3,0,1,5,2
554;0;6,6,6,6,6,6;0,5,4,2,3,1
207;0;6,6,6,6,6,6;5,2,4,0,1,3
150;0;6,6,6,6,6,6;0,2,4,3,5,1
500;0;6,6,6,6,6,6;1,0,2,4,5,3
201;0;6,6,6,6,6,6;5,3,2,0,1,4
123;0;6,6,6,6,6,6;3,1,2,0,4,5
167;0;6,6,6,6,6,6;2,5,4,3,1,0
114;0;6,6,6,6,6,6;0,2,1,4,5,3
168;0;6,6,6,6,6,6;4,1,2,5,3,0
134;0;6,6,6,6,6,6;0,4,3,5,1,2
104;0;6,6,6,6,6,6;1,0,2,5,3,4
213;0;6,6,6,6,6,6;5,2,0,3,4,1
106;0;6,6,6,6,6,6;0,1,4,5,2,3
84;0;6,6,6,6,6,6;4,3,2,0,5,1
99;0;6,6,6,6,6,6;5,0,4,2,1,3
179;0;6,6,6,6,6,6;4,1,0,2,3,5
149;0;6,6,6,6,6,6;1,3,5,4,0,2
187;0;6,6,6,6,6,6;1,2,4,0,3,5
137;0;6,6,6,6,6,6;4,0,3,2,1,5
76;0;6,6,6,6,6,6;4,1,2,3,5,0
57;0;6,6,6,6,6,6;2,5,0,1,4,3
153;0;6,6,6,6,6,6;0,4,5,2,3,1
98;0;6,6,6,6,6,6;2,0,5,4,3,1
426;0;6,6,6,6,6,6;5,1,4,3,2,0
80;0;6,6,6,6,6,6;3,2,5,1,4,0
158;0;6,6,6,6,6,6;3,1,4,5,0,2
177;0;6,6,6,6,6,6;1,0,4,5,3,2
131;0;6,6,6,6,6,6;1,0,5,3,4,2
111;0;6,6,6,6,6,6;1,5,3,2,4,0
157;0;6,6,6,6,6,6;2,5,1,0,3,4
173;0;6,6,6,6,6,6;0,1,3,2,5,4
67;0;6,6,6,6,6,6;1,4,0,2,5,3
130;0;6,6,6,6,6,6;1,4,3,0,2,5
85;0;6,6,6,6,6,6;2,0,5,4,1,3
104;0;6,6,6,6,6,6;0,5,4,2,3,1
176;0;6,6,6,6,6,6;0,2,3,1,4,5
187;0;6,6,6,6,6,6;1,3,2,5,4,0
48;0;6,6,6,6,6,6;0,3,5,2,4,1
73;0;6,6,6,6,6,6;4,1,0,5,2,3
239;0;6,6,6,6,6,6;1,2,5,4,0,3
133;0;6,6,6,6,6,6;1,2,4,3,0,5
74;0;6,6,6,6,6,6;1,3,4,2,5,0
181;0;6,6,6,6,6,6;2,4,5,0,1,3
120;0;6,6,6,6,6,6;0,4,1,3,2,5
104;0;6,6,6,6,6,6;4,0,3,5,2,1
63;0;6,6,6,6,6,6;5,3,4,2,0,1
241;0;6,6,6,6,6,6;2,1,5,3,0,4
91;0;6,6,6,6,6,6;1,3,5,2,4,0
255;0;6,6,6,6,6,6;0,2,4,1,3,5
151;0;6,6,6,6,6,6;4,5,1,0,2,3
76;0;6,6,6,6,6,6;3,5,2,0,4,1
106;0;6,6,6,6,6,6;5,3,2,1,0,4
141;0;6,6,6,6,6,6;0,5,2,4,1,3
74;0;6,6,6,6,6,6;4,5,2,3,0,1
199;0;6,6,6,6,6,6;2,5,3,0,4,1
158;0;6,6,6,6,6,6;0,4,3,2,5,1
100;0;6,6,6,6,6,6;5,3,4,0,1,2
161;0;6,6,6,6,6,6;3,1,0,5,4,2
204;0;6,6,6,6,6,6;1,5,0,3,2,4
53;0;6,6,6,6,6,6;0,1,3,2,4,5
171;0;6,6,6,6,6,6;1,4,5,2,0,3
117;0;6,6,6,6,6,6;5,1,0,2,3,4
202;0;6,6,6,6,6,6;0,2,4,5,3,1
325;0;6,6,6,6,6,6;1,0,3,5,4,2
139;0;6,6,6,6,6,6;0,5,3,1,2,4
236;0;6,6,6,6,6,6;0,1,5,2,3,4
140;0;6,6,6,6,6,6;3,2,1,4,5,0
111;0;6,6,6,6,6,6;3,5,0,2,1,4
132;0;6,6,6,6,6,6;2,3,1,0,4,5
97;0;6,6,6,6,6,6;1,2,3,4,5,0
155;0;6,6,6,6,6,6;5,2,3,4,1,0
170;0;6,6,6,6,6,6;4,5,2,1,3,0
485;0;6,6,6,6,6,6;2,5,4,0,3,1
128;0;6,6,6,6,6,6;0,4,1,2,5,3
349;0;6,6,6,6,6,6;2,0,3,5,1,4
39;0;6,6,6,6,6,6;0,2,5,3,4,1
109;0;6,6,6,6,6,6;4,0,2,3,5,1
99;0;6,6,6,6,6,6;1,2,4,0,3,5
76;0;6,6,6,6,6,6;0,3,5,2,4,1
139;0;6,6,6,6,6,6;2,0,4,5,3,1
282;0;6,6,6,6,6,6;2,3,1,4,5,0
153;0;6,6,6,6,6,6;3,4,0,1,2,5
194;0;6,6,6,6,6,6;5,2,3,1,0,4
133;0;6,6,6,6,6,6;1,3,0,5,4,2
424;0;6,6,6,6,6,6;3,5,2,4,1,0
96;0;6,6,6,6,6,6;2,1,4,5,3,0
278;0;6,6,6,6,6,6;0,1,2,5,3,4
158;0;6,6,6,6,6,6;3,5,4,1,2,0
95;0;6,6,6,6,6,6;1,2,0,3,4,5
98;0;6,6,6,6,6,6;4,5,2,3,1,0
98;0;6,6,6,6,6,6;3,1,2,0,4,5
75;0;6,6,6,6,6,6;0,3,1,4,5,2
310;0;6,6,6,6,6,6;0,3,2,5,4,1
344;0;6,6,6,6,6,6;0,3,2,5,4,1
106;0;6,6,6,6,6,6;0,4,2,1,5,3
131;0;6,6,6,6,6,6;4,3,0,2,1,5
259;0;6,6,6,6,6,6;1,4,3,0,5,2
70;0;6,6,6,6,6,6;0,3,5,4,2,1
232;0;6,6,6,6,6,6;2,4,5,0,3,1
285;0;6,6,6,6,6,6;2,1,0,5,3,4
97;0;6,6,6,6,6,6;4,0,3,5,1,2
48;0;6,6,6,6,6,6;4,1,2,0,3,5
90;0;6,6,6,6,6,6;4,0,5,1,2,3
329;0;6,6,6,6,6,6;4,3,0,1,5,2
154;0;6,6,6,6,6,6;4,3,0,5,1,2
293;0;6,6,6,6,6,6;4,3,5,1,0,2
156;0;6,6,6,6,6,6;0,2,3,5,1,4
197;0;6,6,6,6,6,6;3,0,4,1,5,2
123;0;6,6,6,6,6,6;2,3,5,0,4,1
159;0;6,6,6,6,6,6;1,4,3,0,5,2
103;0;6,6,6,6,6,6;3,0,1,4,5,2
260;0;6,6,6,6,6,6;2,3,4,0,5,1
168;0;6,6,6,6,6,6;5,1,0,2,4,3
284;0;6,6,6,6,6,6;0,5,2,3,1,4
198;0;6,6,6,6,6,6;5,2,1,4,0,3
255;0;6,6,6,6,6,6;2,1,3,5,4,0
64;0;6,6,6,6,6,6;3,1,5,0,4,2
287;0;6,6,6,6,6,6;1,2,0,4,3,5
63;0;6,6,6,6,6,6;5,2,0,4,1,3
125;0;6,6,6,6,6,6;5,0,2,1,4,3
121;0;6,6,6,6,6,6;1,5,0,2,4,3
135;0;6,6,6,6,6,6;3,0,4,5,2,1
342;0;6,6,6,6,6,6;1,3,4,2,5,0
38;0;6,6,6,6,6,6;0,5,1,2,3,4
149;0;6,6,6,6,6,6;3,5,2,1,4,0
122;0;6,6,6,6,6,6;3,2,5,1,4,0
449;0;6,6,6,6,6,6;4,2,3,5,1,0
269;0;6,6,6,6,6,6;5,2,3,1,0,4
53;0;6,6,6,6,6,6;0,2,1,5,3,4
207;0;6,6,6,6,6,6;2,5,4,0,3,1
194;0;6,6,6,6,6,6;5,0,4,3,1,2
162;0;6,6,6,6,6,6;5,0,4,3,1,2
122;0;6,6,6,6,6,6;0,5,4,2,1,3
724;0;6,6,6,6,6,6;2,1,3,0,4,5
130;0;6,6,6,6,6,6;4,2,5,1,0,3
134;0;6,6,6,6,6,6;3,0,2,5,4,1
407;0;6,6,6,6,6,6;1,4,2,0,3,5
171;0;6,6,6,6,6,6;5,4,1,0,2,3
110;0;6,6,6,6,6,6;0,1,4,3,2,5
159;0;6,6,6,6,6,6;1,3,4,5,2,0
175;0;6,6,6,6,6,6;5,1,3,0,4,2
124;0;6,6,6,6,6,6;4,5,3,1,2,0
380;0;6,6,6,6,6,6;3,2,4,1,5,0
81;0;6,6,6,6,6,6;2,0,3,5,1,4
127;0;6,6,6,6,6,6;2,5,0,3,1,4
54;0;6,6,6,6,6,6;0,5,1,2,4,3
55;0;6,6,6,6,6,6;2,3,4,0,1,5
127;0;6,6,6,6,6,6;3,5,0,4,2,1
128;0;6,6,6,6,6,6;4,1,5,0,2,3
142;0;6,6,6,6,6,6;2,5,4,0,1,3
89;0;6,6,6,6,6,6;5,2,1,0,3,4
247;0;6,6,6,6,6,6;1,2,4,0,3,5
189;0;6,6,6,6,6,6;5,4,0,2,1,3
279;0;6,6,6,6,6,6;3,0,4,5,1,2
200;0;6,6,6,6,6,6;1,3,5,0,2,4
90;0;6,6,6,6,6,6;3,4,1,0,2,5
147;0;6,6,6,6,6,6;0,4,2,5,1,3
168;0;6,6,6,6,6,6;3,5,4,0,1,2
253;0;6,6,6,6,6,6;5,0,2,1,4,3
79;0;6,6,6,6,6,6;5,4,0,1,3,2
211;0;6,6,6,6,6,6;2,5,3,4,0,1
136;0;6,6,6,6,6,6;4,0,3,1,5,2
50;0;6,6,6,6,6,6;4,5,1,0,3,2
154;0;6,6,6,6,6,6;4,0,5,2,3,1
110;0;6,6,6,6,6,6;3,2,5,0,4,1
498;0;6,6,6,6,6,6;2,1,3,5,4,0
207;0;6,6,6,6,6,6;5,2,0,4,3,1
140;0;6,6,6,6,6,6;5,2,1,3,4,0
191;0;6,6,6,6,6,6;3,0,4,1,5,2
84;0;6,6,6,6,6,6;4,0,2,1,3,5
182;0;6,6,6,6,6,6;3,4,2,5,0,1
154;0;6,6,6,6,6,6;3,0,4,2,5,1
173;0;6,6,6,6,6,6;2,3,4,0,5,1
152;0;6,6,6,6,6,6;3,1,0,4,2,5
523;0;6,6,6,6,6,6;1,5,3,4,0,2
469;0;6,6,6,6,6,6;3,1,2,4,0,5
79;0;6,6,6,6,6,6;5,4,2,3,0,1
77;0;6,6,6,6,6,6;5,4,1,2,0,3
101;0;6,6,6,6,6,6;1,5,2,3,0,4
187;0;6,6,6,6,6,6;2,1,5,4,0,3
85;0;6,6,6,6,6,6;2,4,0,3,5,1
210;0;6,6,6,6,6,6;1,4,0,2,3,5
77;0;6,6,6,6,6,6;4,1,2,5,3,0
107;0;6,6,6,6,6,6;2,4,0,3,1,5
96;0;6,6,6,6,6,6;0,1,5,2,4,3
441;0;6,6,6,6,6,6;5,2,1,0,4,3
175;0;6,6,6,6,6,6;2,1,5,0,3,4
109;0;6,6,6,6,6,6;2,4,3,5,1,0
118;0;6,6,6,6,6,6;5,3,2,4,0,1
102;0;6,6,6,6,6,6;0,4,2,1,3,5
281;0;6,6,6,6,6,6;4,3,1,2,0,5
83;0;6,6,6,6,6,6;2,5,0,4,1,3
77;0;6,6,6,6,6,6;3,2,1,5,4,0
80;0;6,6,6,6,6,6;3,1,5,2,4,0
200;0;6,6,6,6,6,6;1,0,2,3,5,4
104;0;6,6,6,6,6,6;0,1,3,5,4,2
59;0;6,6,6,6,6,6;4,0,1,3,2,5
158;0;6,6,6,6,6,6;0,2,5,4,1,3
54;0;6,6,6,6,6,6;5,0,1,2,3,4
91;0;6,6,6,6,6,6;3,2,1,0,5,4
105;0;6,6,6,6,6,6;5,2,4,1,3,0
67;0;6,6,6,6,6,6;0,5,3,2,1,4
471;0;6,6,6,6,6,6;4,5,2,1,3,0
148;0;6,6,6,6,6,6;1,0,5,2,4,3
131;0;6,6,6,6,6,6;2,1,5,3,0,4
100;0;6,6,6,6,6,6;0,1,3,4,5,2
231;0;6,6,6,6,6,6;0,3,2,1,5,4
99;0;6,6,6,6,6,6;2,4,0,3,5,1
55;0;6,6,6,6,6,6;3,1,2,4,5,0
81;0;6,6,6,6,6,6;5,4,0,1,2,3
122;0;6,6,6,6,6,6;1,4,2,3,0,5
156;0;6,6,6,6,6,6;0,2,1,4,3,5
77;0;6,6,6,6,6,6;0,3,4,5,1,2
169;0;6,6,6,6,6,6;0,4,1,2,5,3
184;0;6,6,6,6,6,6;3,0,4,1,5,2
255;0;6,6,6,6,6,6;1,2,3,4,5,0
192;0;6,6,6,6,6,6;5,0,4,3,1,2
142;0;6,6,6,6,6,6;2,0,1,4,3,5
44;0;6,6,6,6,6,6;0,3,5,1,4,2
82;0;6,6,6,6,6,6;4,2,0,5,1,3
194;0;6,6,6,6,6,6;1,3,2,4,5,0
64;0;6,6,6,6,6,6;4,1,2,3,0,5
262;0;6,6,6,6,6,6;3,2,0,5,1,4
104;0;6,6,6,6,6,6;4,0,1,2,3,5
161;0;6,6,6,6,6,6;5,4,1,3,0,2
155;0;6,6,6,6,6,6;3,2,1,5,0,4
296;0;6,6,6,6,6,6;2,1,0,4,5,3
254;0;6,6,6,6,6,6;5,2,4,3,1,0
99;0;6,6,6,6,6,6;1,4,3,2,5,0
120;0;6,6,6,6,6,6;0,1,5,4,2,3
154;0;6,6,6,6,6,6;4,3,1,0,5,2
189;0;6,6,6,6,6,6;1,0,5,3,2,4
150;0;6,6,6,6,6,6;1,2,0,5,4,3
94;0;6,6,6,6,6,6;3,5,0,1,4,2
266;0;6,6,6,6,6,6;2,4,5,3,0,1
163;0;6,6,6,6,6,6;3,1,2,0,5,4
91;0;6,6,6,6,6,6;2,3,1,0,5,4
97;0;6,6,6,6,6,6;2,3,1,5,0,4
201;0;6,6,6,6,6,6;3,2,0,1,4,5
326;0;6,6,6,6,6,6;2,3,0,5,1,4
191;0;6,6,6,6,6,6;4,0,1,3,2,5
99;0;6,6,6,6,6,6;2,0,4,3,5,1
105;0;6,6,6,6,6,6;4,2,5,3,1,0
90;0;6,6,6,6,6,6;5,4,3,0,1,2
77;0;6,6,6,6,6,6;4,3,1,5,0,2
189;0;6,6,6,6,6,6;0,3,4,5,1,2
97;0;6,6,6,6,6,6;4,2,3,0,5,1
214;0;6,6,6,6,6,6;0,5,3,1,2,4
130;0;6,6,6,6,6,6;0,2,5,3,4,1
65;0;6,6,6,6,6,6;4,3,1,5,2,0
88;0;6,6,6,6,6,6;2,0,5,3,1,4
139;0;6,6,6,6,6,6;2,5,0,4,3,1
249;0;6,6,6,6,6,6;4,5,3,0,2,1
267;0;6,6,6,6,6,6;5,0,3,1,2,4
76;0;6,6,6,6,6,6;0,5,4,1,2,3
212;0;6,6,6,6,6,6;0,1,4,2,5,3
136;0;6,6,6,6,6,6;2,1,3,5,4,0
93;0;6,6,6,6,6,6;0,5,3,4,1,2
64;0;6,6,6,6,6,6;3,0,1,2,4,5
82;0;6,6,6,6,6,6;2,4,5,1,0,3
307;0;6,6,6,6,6,6;1,4,0,5,2,3
136;0;6,6,6,6,6,6;3,4,0,1,5,2
133;0;6,6,6,6,6,6;5,3,4,2,1,0
129;0;6,6,6,6,6,6;2,1,5,0,3,4
236;0;6,6,6,6,6,6;1,0,4,5,3,2
415;0;6,6,6,6,6,6;3,1,0,5,2,4
104;0;6,6,6,6,6,6;2,3,1,5,0,4
509;0;6,6,6,6,6,6;5,1,3,4,0,2
92;0;6,6,6,6,6,6;2,5,0,3,4,1
92;0;6,6,6,6,6,6;2,4,0,1,5,3
73;0;6,6,6,6,6,6;3,4,0,1,2,5
76;0;6,6,6,6,6,6;5,0,4,2,1,3
70;0;6,6,6,6,6,6;0,4,2,5,3,1
245;0;6,6,6,6,6,6;0,1,5,3,2,4
109;0;6,6,6,6,6,6;0,3,5,1,4,2
128;0;6,6,6,6,6,6;3,4,2,1,0,5
75;0;6,6,6,6,6,6;0,4,1,2,3,5
124;0;6,6,6,6,6,6;2,1,3,4,5,0
62;0;6,6,6,6,6,6;4,2,5,1,0,3
112;0;6,6,6,6,6,6;1,3,2,0,5,4
321;0;6,6,6,6,6,6;1,0,5,3,2,4
124;0;6,6,6,6,6,6;3,4,5,0,1,2
401;0;6,6,6,6,6,6;4,5,0,3,2,1
127;0;6,6,6,6,6,6;3,4,5,1,0,2
246;0;6,6,6,6,6,6;4,0,2,3,1,5
200;0;6,6,6,6,6,6;0,5,1,2,3,4
75;0;6,6,6,6,6,6;0,3,4,5,2,1
167;0;6,6,6,6,6,6;5,3,4,2,0,1
107;0;6,6,6,6,6,6;0,3,4,2,5,1
38;0;6,6,6,6,6,6;2,5,1,3,4,0
181;0;6,6,6,6,6,6;4,1,3,5,2,0
124;0;6,6,6,6,6,6;0,4,3,5,1,2
276;0;6,6,6,6,6,6;1,2,4,5,3,0
198;0;6,6,6,6,6,6;5,2,4,0,3,1
104;0;6,6,6,6,6,6;3,4,5,2,1,0
62;0;6,6,6,6,6,6;2,1,4,0,3,5
104;0;6,6,6,6,6,6;1,5,3,0,2,4
100;0;6,6,6,6,6,6;2,3,0,5,4,1
53;0;6,6,6,6,6,6;0,5,4,3,1,2
115;0;6,6,6,6,6,6;2,0,3,4,5,1
66;0;6,6,6,6,6,6;3,4,5,1,0,2
80;0;6,6,6,6,6,6;3,4,1,5,2,0
180;0;6,6,6,6,6,6;5,3,4,1,2,0
107;0;6,6,6,6,6,6;1,3,5,4,2,0
108;0;6,6,6,6,6,6;0,2,3,5,1,4
111;0;6,6,6,6,6,6;5,3,0,1,2,4
185;0;6,6,6,6,6,6;0,2,4,1,3,5
98;0;6,6,6,6,6,6;3,5,4,2,1,0
127;0;6,6,6,6,6,6;1,5,2,4,3,0
158;0;6,6,6,6,6,6;2,5,4,3,0,1
108;0;6,6,6,6,6,6;4,3,0,2,1,5
147;0;6,6,6,6,6,6;1,3,5,4,2,0
100;0;6,6,6,6,6,6;3,1,2,5,0,4
522;0;6,6,6,6,6,6;4,3,5,1,2,0
139;0;6,6,6,6,6,6;0,5,2,1,4,3
152;0;6,6,6,6,6,6;3,1,4,5,0,2
141;0;6,6,6,6,6,6;1,2,5,4,3,0
52;0;6,6,6,6,6,6;0,3,5,2,1,4
71;0;6,6,6,6,6,6;3,0,4,2,1,5
70;0;6,6,6,6,6,6;5,0,3,1,2,4
294;0;6,6,6,6,6,6;4,0,3,2,5,1
247;0;6,6,6,6,6,6;2,0,1,5,3,4
124;0;6,6,6,6,6,6;3,0,2,4,5,1
141;0;6,6,6,6,6,6;1,3,2,5,4,0
152;0;6,6,6,6,6,6;0,4,5,2,3,1
147;0;6,6,6,6,6,6;5,0,2,3,4,1
154;0;6,6,6,6,6,6;2,4,1,3,0,5
124;0;6,6,6,6,6,6;2,5,4,3,0,1
96;0;6,6,6,6,6,6;1,4,0,3,5,2
97;0;6,6,6,6,6,6;2,3,1,5,0,4
57;0;6,6,6,6,6,6;3,1,0,5,2,4
48;0;6,6,6,6,6,6;3,2,1,4,0,5
79;0;6,6,6,6,6,6;4,3,5,1,0,2
79;0;6,6,6,6,6,6;1,4,5,0,2,3
140;0;6,6,6,6,6,6;1,3,2,5,4,0
101;0;6,6,6,6,6,6;1,2,3,4,5,0
226;0;6,6,6,6,6,6;1,0,5,3,4,2
125;0;6,6,6,6,6,6;5,3,4,1,0,2
164;0;6,6,6,6,6,6;0,4,1,2,5,3
195;0;6,6,6,6,6,6;4,0,5,3,1,2
307;0;6,6,6,6,6,6;4,0,2,1,3,5
79;0;6,6,6,6,6,6;5,4,3,0,2,1
65;0;6,6,6,6,6,6;0,5,2,1,4,3
138;0;6,6,6,6,6,6;3,1,0,4,5,2
214;0;6,6,6,6,6,6;1,5,3,0,2,4
97;0;6,6,6,6,6,6;2,0,5,1,3,4
195;0;6,6,6,6,6,6;1,0,4,3,2,5
124;0;6,6,6,6,6,6;0,3,2,1,5,4
142;0;6,6,6,6,6,6;3,1,5,0,2,4
50;0;6,6,6,6,6,6;3,1,2,5,4,0
93;0;6,6,6,6,6,6;5,3,0,1,2,4
73;0;6,6,6,6,6,6;2,1,0,4,3,5
145;0;6,6,6,6,6,6;0,5,1,2,4,3
86;0;6,6,6,6,6,6;5,4,1,3,2,0
134;0;6,6,6,6,6,6;3,1,4,5,0,2
167;0;6,6,6,6,6,6;0,5,1,3,2,4
180;0;6,6,6,6,6,6;0,2,5,3,1,4
119;0;6,6,6,6,6,6;0,4,5,1,3,2
70;0;6,6,6,6,6,6;4,0,2,5,1,3
85;0;6,6,6,6,6,6;3,1,4,2,0,5
85;0;6,6,6,6,6,6;0,2,4,5,1,3
77;0;6,6,6,6,6,6;1,3,4,0,5,2
103;0;6,6,6,6,6,6;3,2,0,4,1,5
147;0;6,6,6,6,6,6;3,0,5,4,1,2
168;0;6,6,6,6,6,6;0,3,5,1,4,2
120;0;6,6,6,6,6,6;4,2,0,1,3,5
114;0;6,6,6,6,6,6;0,3,1,5,4,2
135;0;6,6,6,6,6,6;2,3,1,5,4,0
558;0;6,6,6,6,6,6;0,4,1,2,5,3
306;0;6,6,6,6,6,6;0,2,3,1,4,5
154;0;6,6,6,6,6,6;4,2,5,1,0,3
47;0;6,6,6,6,6,6;4,5,0,3,2,1
104;0;6,6,6,6,6,6;3,5,2,1,0,4
148;0;6,6,6,6,6,6;4,5,1,2,3,0
197;0;6,6,6,6,6,6;2,3,4,0,5,1
89;0;6,6,6,6,6,6;5,0,1,4,2,3
227;0;6,6,6,6,6,6;0,5,3,2,1,4
131;0;6,6,6,6,6,6;4,1,3,2,5,0
109;0;6,6,6,6,6,6;4,0,1,2,3,5
172;0;6,6,6,6,6,6;1,5,2,4,3,0
311;0;6,6,6,6,6,6;0,3,5,4,1,2
138;0;6,6,6,6,6,6;0,5,1,3,2,4
195;0;6,6,6,6,6,6;1,4,0,2,3,5
123;0;6,6,6,6,6,6;1,5,2,0,4,3
306;0;6,6,6,6,6,6;3,2,5,4,1,0
301;0;6,6,6,6,6,6;0,4,2,3,1,5
110;0;6,6,6,6,6,6;3,1,0,2,5,4
129;0;6,6,6,6,6,6;3,1,5,2,4,0
89;0;6,6,6,6,6,6;3,4,5,2,1,0
270;0;6,6,6,6,6,6;0,1,5,4,2,3
146;0;6,6,6,6,6,6;3,1,0,5,4,2
174;0;6,6,6,6,6,6;2,4,1,0,3,5
116;0;6,6,6,6,6,6;4,0,2,5,3,1
85;0;6,6,6,6,6,6;2,3,0,5,1,4
47;0;6,6,6,6,6,6;5,4,3,0,2,1
143;0;6,6,6,6,6,6;3,1,4,2,0,5
118;0;6,6,6,6,6,6;1,4,5,0,2,3
75;0;6,6,6,6,6,6;4,1,2,3,0,5
60;0;6,6,6,6,6,6;4,1,5,2,3,0
92;0;6,6,6,6,6,6;1,0,5,3,2,4
116;0;6,6,6,6,6,6;0,5,4,2,3,1
142;0;6,6,6,6,6,6;2,3,0,5,1,4
260;0;6,6,6,6,6,6;4,0,2,3,5,1
228;0;6,6,6,6,6,6;0,2,4,1,5,3
135;0;6,6,6,6,6,6;1,3,4,2,0,5
182;0;6,6,6,6,6,6;0,1,3,2,4,5
245;0;6,6,6,6,6,6;0,1,4,3,2,5
348;0;6,6,6,6,6,6;2,5,0,3,4,1
478;0;6,6,6,6,6,6;3,2,4,5,1,0
227;0;6,6,6,6,6,6;1,4,5,0,3,2
170;0;6,6,6,6,6,6;5,4,1,2,3,0
139;0;6,6,6,6,6,6;5,2,4,1,3,0
239;0;6,6,6,6,6,6;0,3,1,4,2,5
263;0;6,6,6,6,6,6;2,1,4,3,0,5
68;0;6,6,6,6,6,6;5,1,3,0,4,2
274;0;6,6,6,6,6,6;0,1,3,4,2,5
128;0;6,6,6,6,6,6;1,4,2,0,5,3
72;0;6,6,6,6,6,6;4,5,2,3,1,0
255;0;6,6,6,6,6,6;1,3,4,2,0,5
338;0;6,6,6,6,6,6;5,1,4,3,2,0
92;0;6,6,6,6,6,6;1,4,2,5,3,0
79;0;6,6,6,6,6,6;3,1,5,4,2,0
165;0;6,6,6,6,6,6;4,5,1,3,0,2
126;0;6,6,6,6,6,6;1,3,2,4,5,0
200;0;6,6,6,6,6,6;0,4,1,5,3,2
121;0;6,6,6,6,6,6;2,4,1,5,0,3
358;0;6,6,6,6,6,6;4,3,0,1,2,5
147;0;6,6,6,6,6,6;3,2,4,0,5,1
52;0;6,6,6,6,6,6;0,1,4,5,2,3
122;0;6,6,6,6,6,6;2,3,4,5,1,0
117;0;6,6,6,6,6,6;2,1,3,4,5,0
199;0;6,6,6,6,6,6;3,1,4,0,5,2
102;0;6,6,6,6,6,6;4,1,3,5,0,2
80;0;6,6,6,6,6,6;5,1,3,4,2,0
71;0;6,6,6,6,6,6;5,4,3,0,2,1
196;0;6,6,6,6,6,6;3,1,4,0,5,2
83;0;6,6,6,6,6,6;1,4,0,5,2,3
74;0;6,6,6,6,6,6;5,2,1,4,3,0
147;0;6,6,6,6,6,6;3,2,4,1,0,5
114;0;6,6,6,6,6,6;3,4,1,0,5,2
134;0;6,6,6,6,6,6;1,3,5,2,4,0
87;0;6,6,6,6,6,6;2,1,4,3,5,0
138;0;6,6,6,6,6,6;1,4,0,2,5,3
177;0;6,6,6,6,6,6;5,4,0,2,3,1
65;0;6,6,6,6,6,6;0,3,4,5,1,2
87;0;6,6,6,6,6,6;3,2,5,1,0,4
183;0;6,6,6,6,6,6;5,4,2,0,1,3
175;0;6,6,6,6,6,6;0,1,5,2,3,4
237;0;6,6,6,6,6,6;1,2,5,4,0,3
262;0;6,6,6,6,6,6;4,1,0,2,3,5
108;0;6,6,6,6,6,6;1,5,2,4,0,3
64;0;6,6,6,6,6,6;5,4,2,3,1,0
149;0;6,6,6,6,6,6;4,0,2,5,1,3
57;0;6,6,6,6,6,6;3,5,2,0,1,4
806;0;6,6,6,6,6,6;3,5,4,2,1,0
133;0;6,6,6,6,6,6;5,3,0,1,2,4
223;0;6,6,6,6,6,6;4,5,2,1,0,3
255;0;6,6,6,6,6,6;4,3,0,5,1,2
87;0;6,6,6,6,6,6;3,2,4,0,1,5
104;0;6,6,6,6,6,6;1,5,4,2,3,0
288;0;6,6,6,6,6,6;5,1,2,4,0,3
107;0;6,6,6,6,6,6;4,2,0,1,3,5
477;0;6,6,6,6,6,6;2,5,1,0,4,3
219;0;6,6,6,6,6,6;0,2,1,3,4,5
62;0;6,6,6,6,6,6;5,0,3,4,1,2
108;0;6,6,6,6,6,6;1,2,0,4,3,5
73;0;6,6,6,6,6,6;0,3,1,5,2,4
235;0;6,6,6,6,6,6;3,1,2,4,5,0
75;0;6,6,6,6,6,6;4,1,5,0,3,2
129;0;6,6,6,6,6,6;3,5,0,4,2,1
299;0;6,6,6,6,6,6;2,0,5,4,1,3
131;0;6,6,6,6,6,6;0,2,5,4,3,1
126;0;6,6,6,6,6,6;4,0,5,1,2,3
74;0;6,6,6,6,6,6;4,0,5,2,3,1
67;0;6,6,6,6,6,6;3,2,0,4,5,1
244;0;6,6,6,6,6,6;5,1,4,0,2,3
120;0;6,6,6,6,6,6;3,5,4,0,1,2
169;0;6,6,6,6,6,6;2,5,0,1,3,4
229;0;6,6,6,6,6,6;1,5,3,0,4,2
74;0;6,6,6,6,6,6;3,5,4,1,0,2
171;0;6,6,6,6,6,6;3,4,2,5,0,1
59;0;6,6,6,6,6,6;4,3,1,2,0,5
212;0;6,6,6,6,6,6;1,3,2,0,4,5
170;0;6,6,6,6,6,6;4,2,5,0,1,3
131;0;6,6,6,6,6,6;0,1,4,5,3,2
204;0;6,6,6,6,6,6;3,2,0,4,5,1
209;0;6,6,6,6,6,6;5,1,2,0,3,4
288;0;6,6,6,6,6,6;2,3,4,0,1,5
145;0;6,6,6,6,6,6;0,3,1,5,4,2
232;0;6,6,6,6,6,6;1,0,5,3,2,4
132;0;6,6,6,6,6,6;2,5,0,3,1,4
131;0;6,6,6,6,6,6;4,2,5,0,3,1
244;0;6,6,6,6,6,6;0,5,1,3,4,2
94;0;6,6,6,6,6,6;2,5,0,3,4,1
384;0;6,6,6,6,6,6;1,5,3,4,2,0
178;0;6,6,6,6,6,6;5,2,4,1,3,0
265;0;6,6,6,6,6,6;2,4,3,5,0,1
144;0;6,6,6,6,6,6;3,1,4,0,5,2
96;0;6,6,6,6,6,6;4,5,2,3,0,1
125;0;6,6,6,6,6,6;1,4,0,5,3,2
59;0;6,6,6,6,6,6;5,1,0,2,4,3
78;0;6,6,6,6,6,6;2,0,1,5,4,3
87;0;6,6,6,6,6,6;3,0,2,4,1,5
60;0;6,6,6,6,6,6;3,5,2,4,1,0
160;0;6,6,6,6,6,6;3,1,0,5,2,4
59;0;6,6,6,6,6,6;2,3,4,0,1,5
93;0;6,6,6,6,6,6;1,4,2,5,3,0
111;0;6,6,6,6,6,6;4,0,1,5,3,2
128;0;6,6,6,6,6,6;0,4,2,3,1,5
82;0;6,6,6,6,6,6;0,5,3,1,4,2
56;0;6,6,6,6,6,6;1,4,0,3,2,5
128;0;6,6,6,6,6,6;2,0,3,1,5,4
62;0;6,6,6,6,6,6;1,2,4,5,3,0
365;0;6,6,6,6,6,6;5,0,4,1,3,2
137;0;6,6,6,6,6,6;2,1,5,3,4,0
82;0;6,6,6,6,6,6;1,5,0,2,3,4
134;0;6,6,6,6,6,6;0,1,2,5,3,4
65;0;6,6,6,6,6,6;2,4,0,5,3,1
193;0;6,6,6,6,6,6;2,3,0,5,1,4
99;0;6,6,6,6,6,6;3,2,4,0,1,5
158;0;6,6,6,6,6,6;1,4,0,3,2,5
235;0;6,6,6,6,6,6;4,1,2,0,3,5
223;0;6,6,6,6,6,6;4,3,1,5,0,2
363;0;6,6,6,6,6,6;2,1,5,3,4,0
95;0;6,6,6,6,6,6;1,4,2,5,3,0
156;0;6,6,6,6,6,6;0,3,5,2,1,4
54;0;6,6,6,6,6,6;4,0,3,2,1,5
226;0;6,6,6,6,6,6;3,5,1,4,0,2
119;0;6,6,6,6,6,6;3,4,1,5,0,2
407;0;6,6,6,6,6,6;2,0,4,1,3,5
78;0;6,6,6,6,6,6;4,0,1,3,2,5
71;0;6,6,6,6,6,6;2,1,3,0,5,4
64;0;6,6,6,6,6,6;2,4,1,3,5,0
98;0;6,6,6,6,6,6;3,4,2,5,0,1
125;0;6,6,6,6,6,6;5,4,0,2,3,1
170;0;6,6,6,6,6,6;2,1,4,0,3,5
519;0;6,6,6,6,6,6;3,5,2,0,4,1
94;0;6,6,6,6,6,6;2,4,1,3,5,0
96;0;6,6,6,6,6,6;2,5,3,4,0,1
141;0;6,6,6,6,6,6;2,0,3,4,1,5
275;0;6,6,6,6,6,6;3,2,4,0,1,5
200;0;6,6,6,6,6,6;0,1,3,4,5,2
114;0;6,6,6,6,6,6;0,5,1,3,2,4
164;0;6,6,6,6,6,6;4,0,2,5,1,3
64;0;6,6,6,6,6,6;1,4,2,5,3,0
41;0;6,6,6,6,6,6;4,3,1,0,2,5
182;0;6,6,6,6,6,6;3,1,5,4,2,0
97;0;6,6,6,6,6,6;2,5,1,0,4,3
59;0;6,6,6,6,6,6;0,4,3,1,2,5
233;0;6,6,6,6,6,6;1,5,4,3,0,2
162;0;6,6,6,6,6,6;4,3,5,1,0,2
133;0;6,6,6,6,6,6;3,2,4,5,0,1
192;0;6,6,6,6,6,6;2,4,3,1,0,5
110;0;6,6,6,6,6,6;1,5,2,0,4,3
91;0;6,6,6,6,6,6;0,5,1,2,4,3
120;0;6,6,6,6,6,6;3,5,0,1,4,2
81;0;6,6,6,6,6,6;0,5,3,1,2,4
113;0;6,6,6,6,6,6;1,5,3,4,0,2
145;0;6,6,6,6,6,6;0,4,2,3,1,5
118;0;6,6,6,6,6,6;2,3,1,5,4,0
98;0;6,6,6,6,6,6;5,4,1,2,0,3
85;0;6,6,6,6,6,6;4,2,0,1,5,3
74;0;6,6,6,6,6,6;1,2,3,5,4,0
57;0;6,6,6,6,6,6;2,0,4,3,5,1
100;0;6,6,6,6,6,6;1,3,4,0,5,2
400;0;6,6,6,6,6,6;0,5,3,1,2,4
292;0;6,6,6,6,6,6;3,4,2,5,1,0
334;0;6,6,6,6,6,6;5,0,1,4,3,2
72;0;6,6,6,6,6,6;1,2,5,4,3,0
145;0;6,6,6,6,6,6;1,5,0,3,2,4
60;0;6,6,6,6,6,6;3,1,2,5,0,4
114;0;6,6,6,6,6,6;3,1,5,0,4,2
56;0;6,6,6,6,6,6;5,2,3,4,1,0
447;0;6,6,6,6,6,6;0,3,1,2,5,4
135;0;6,6,6,6,6,6;3,2,1,4,0,5
349;0;6,6,6,6,6,6;3,5,1,0,2,4
166;0;6,6,6,6,6,6;3,2,0,5,1,4
114;0;6,6,6,6,6,6;5,0,2,1,4,3
232;0;6,6,6,6,6,6;5,0,3,4,2,1
67;0;6,6,6,6,6,6;4,1,5,0,2,3
110;0;6,6,6,6,6,6;2,0,1,4,5,3
215;0;6,6,6,6,6,6;3,1,4,2,0,5
147;0;6,6,6,6,6,6;3,5,2,0,4,1
219;0;6,6,6,6,6,6;0,3,2,4,1,5
65;0;6,6,6,6,6,6;1,5,0,3,4,2
108;0;6,6,6,6,6,6;3,2,1,0,4,5
69;0;6,6,6,6,6,6;0,1,3,2,4,5
80;0;6,6,6,6,6,6;1,2,3,4,5,0
186;0;6,6,6,6,6,6;1,2,5,0,3,4
194;0;6,6,6,6,6,6;4,5,2,1,3,0
135;0;6,6,6,6,6,6;0,2,4,5,1,3
119;0;6,6,6,6,6,6;0,5,1,2,4,3
208;0;6,6,6,6,6,6;3,5,4,1,0,2
233;0;6,6,6,6,6,6;0,4,5,1,2,3
112;0;6,6,6,6,6,6;0,4,1,3,2,5
69;0;6,6,6,6,6,6;3,1,2,5,4,0
104;0;6,6,6,6,6,6;5,4,1,2,0,3
212;0;6,6,6,6,6,6;5,1,2,4,3,0
217;0;6,6,6,6,6,6;0,1,4,3,5,2
57;0;6,6,6,6,6,6;4,3,2,0,1,5
75;0;6,6,6,6,6,6;3,4,1,0,2,5
278;0;6,6,6,6,6,6;2,0,3,5,1,4
298;0;6,6,6,6,6,6;5,4,0,1,3,2
157;0;6,6,6,6,6,6;2,0,1,5,3,4
92;0;6,6,6,6,6,6;5,0,2,3,4,1
293;0;6,6,6,6,6,6;2,5,1,3,0,4
114;0;6,6,6,6,6,6;3,4,1,5,2,0
165;0;6,6,6,6,6,6;2,3,1,4,0,5
273;0;6,6,6,6,6,6;2,5,1,4,0,3
72;0;6,6,6,6,6,6;0,2,4,5,1,3
376;0;6,6,6,6,6,6;0,4,3,5,2,1
78;0;6,6,6,6,6,6;2,3,5,1,4,0
244;0;6,6,6,6,6,6;4,0,3,5,2,1
250;0;6,6,6,6,6,6;4,2,3,5,1,0
190;0;6,6,6,6,6,6;1,5,3,2,0,4
82;0;6,6,6,6,6,6;4,2,3,1,5,0
110;0;6,6,6,6,6,6;5,3,0,1,2,4
245;0;6,6,6,6,6,6;3,2,4,5,1,0
136;0;6,6,6,6,6,6;1,2,5,0,3,4
290;0;6,6,6,6,6,6;0,1,2,5,4,3
80;0;6,6,6,6,6,6;3,2,5,0,1,4
48;0;6,6,6,6,6,6;1,2,5,4,0,3
143;0;6,6,6,6,6,6;4,1,3,5,0,2
124;0;6,6,6,6,6,6;0,1,4,3,2,5
141;0;6,6,6,6,6,6;4,3,5,1,2,0
70;0;6,6,6,6,6,6;4,5,3,2,0,1
397;0;6,6,6,6,6,6;1,0,2,4,3,5
89;0;6,6,6,6,6,6;5,1,3,4,2,0
114;0;6,6,6,6,6,6;3,5,1,4,0,2
111;0;6,6,6,6,6,6;0,2,4,1,3,5
108;0;6,6,6,6,6,6;5,4,1,3,2,0
73;0;6,6,6,6,6,6;1,5,2,4,0,3
82;0;6,6,6,6,6,6;5,3,4,0,1,2
93;0;6,6,6,6,6,6;4,5,0,3,1,2
277;0;6,6,6,6,6,6;1,5,4,2,3,0
485;0;6,6,6,6,6,6;2,3,4,0,1,5
129;0;6,6,6,6,6,6;4,5,3,0,2,1
163;0;6,6,6,6,6,6;3,1,0,5,2,4
547;0;6,6,6,6,6,6;0,3,4,2,5,1
178;0;6,6,6,6,6,6;0,2,5,3,1,4
175;0;6,6,6,6,6,6;1,2,3,4,0,5
112;0;6,6,6,6,6,6;3,0,2,5,1,4
119;0;6,6,6,6,6,6;0,3,5,2,1,4
111;0;6,6,6,6,6,6;3,2,1,4,5,0
214;0;6,6,6,6,6,6;5,0,3,4,2,1
130;0;6,6,6,6,6,6;3,2,5,0,1,4
90;0;6,6,6,6,6,6;1,2,0,5,4,3
67;0;6,6,6,6,6,6;0,1,4,5,2,3
155;0;6,6,6,6,6,6;2,0,1,3,4,5
123;0;6,6,6,6,6,6;4,3,1,2,0,5
63;0;6,6,6,6,6,6;0,4,2,1,3,5
262;0;6,6,6,6,6,6;4,0,1,2,3,5
257;0;6,6,6,6,6,6;2,4,3,0,1,5
161;0;6,6,6,6,6,6;5,1,3,2,4,0
200;0;6,6,6,6,6,6;1,5,3,0,4,2
297;0;6,6,6,6,6,6;2,0,5,3,1,4
112;0;6,6,6,6,6,6;1,4,0,5,2,3
245;0;6,6,6,6,6,6;3,1,5,0,2,4
112;0;6,6,6,6,6,6;3,5,1,0,2,4
170;0;6,6,6,6,6,6;3,1,4,5,0,2
170;0;6,6,6,6,6,6;2,4,0,1,5,3
93;0;6,6,6,6,6,6;1,0,2,5,3,4
108;0;6,6,6,6,6,6;3,5,2,0,1,4
117;0;6,6,6,6,6,6;0,2,4,1,5,3
125;0;6,6,6,6,6,6;3,0,2,1,5,4
131;0;6,6,6,6,6,6;5,3,0,2,1,4
85;0;6,6,6,6,6,6;1,2,3,5,4,0
356;0;6,6,6,6,6,6;2,0,1,3,5,4
346;0;6,6,6,6,6,6;3,1,0,2,5,4
66;0;6,6,6,6,6,6;2,1,5,3,0,4
173;0;6,6,6,6,6,6;1,5,4,0,2,3
121;0;6,6,6,6,6,6;5,3,1,4,0,2
103;0;6,6,6,6,6,6;0,2,3,4,5,1
81;0;6,6,6,6,6,6;5,4,1,0,3,2
69;0;6,6,6,6,6,6;4,2,3,5,1,0
46;0;6,6,6,6,6,6;3,1,0,2,4,5
349;0;6,6,6,6,6,6;4,2,5,0,1,3
221;0;6,6,6,6,6,6;0,2,1,5,3,4
76;0;6,6,6,6,6,6;4,0,1,5,3,2
117;0;6,6,6,6,6,6;0,1,4,3,2,5
93;0;6,6,6,6,6,6;5,4,0,3,2,1
109;0;6,6,6,6,6,6;4,3,5,0,1,2
96;0;6,6,6,6,6,6;4,2,1,3,0,5
91;0;6,6,6,6,6,6;0,2,5,1,4,3
85;0;6,6,6,6,6,6;4,1,2,0,5,3
59;0;6,6,6,6,6,6;1,4,2,0,3,5
218;0;6,6,6,6,6,6;2,0,1,3,4,5
100;0;6,6,6,6,6,6;0,3,5,2,4,1
117;0;6,6,6,6,6,6;3,1,5,2,0,4
203;0;6,6,6,6,6,6;4,3,5,0,2,1
593;0;6,6,6,6,6,6;0,1,3,2,5,4
74;0;6,6,6,6,6,6;1,3,4,5,0,2
258;0;6,6,6,6,6,6;4,2,3,1,0,5
226;0;6,6,6,6,6,6;3,0,2,4,5,1
82;0;6,6,6,6,6,6;0,3,1,2,5,4
59;0;6,6,6,6,6,6;3,4,1,5,0,2
84;0;6,6,6,6,6,6;1,2,5,0,3,4
98;0;6,6,6,6,6,6;3,2,5,4,0,1
117;0;6,6,6,6,6,6;2,0,3,5,4,1
68;0;6,6,6,6,6,6;2,4,1,3,5,0
139;0;6,6,6,6,6,6;4,3,2,0,5,1
77;0;6,6,6,6,6,6;4,2,3,5,0,1
59;0;6,6,6,6,6,6;3,2,1,0,4,5
104;0;6,6,6,6,6,6;5,0,3,4,2,1
180;0;6,6,6,6,6,6;0,2,1,3,4,5
108;0;6,6,6,6,6,6;3,0,4,5,2,1
95;0;6,6,6,6,6,6;0,3,2,5,4,1
281;0;6,6,6,6,6,6;5,4,3,0,2,1
79;0;6,6,6,6,6,6;3,5,2,0,4,1
78;0;6,6,6,6,6,6;5,1,2,3,0,4
121;0;6,6,6,6,6,6;1,5,0,3,2,4
130;0;6,6,6,6,6,6;3,0,2,4,5,1
97;0;6,6,6,6,6,6;2,3,0,5,1,4
145;0;6,6,6,6,6,6;4,3,2,5,0,1
377;0;6,6,6,6,6,6;2,5,4,0,1,3
221;0;6,6,6,6,6,6;3,5,4,0,1,2
44;0;6,6,6,6,6,6;1,4,2,3,5,0
228;0;6,6,6,6,6,6;0,5,1,4,3,2
86;0;6,6,6,6,6,6;0,2,3,4,5,1
188;0;6,6,6,6,6,6;3,5,4,1,2,0
223;0;6,6,6,6,6,6;3,4,5,0,1,2
185;0;6,6,6,6,6,6;4,3,5,1,2,0
110;0;6,6,6,6,6,6;5,4,3,1,2,0
87;0;6,6,6,6,6,6;3,4,1,5,2,0
145;0;6,6,6,6,6,6;5,3,0,1,4,2
94;0;6,6,6,6,6,6;1,2,0,5,4,3
178;0;6,6,6,6,6,6;2,5,3,4,0,1
115;0;6,6,6,6,6,6;2,5,0,1,3,4
199;0;6,6,6,6,6,6;4,1,5,3,0,2
44;0;6,6,6,6,6,6;4,2,1,3,5,0
95;0;6,6,6,6,6,6;3,0,5,2,4,1
115;0;6,6,6,6,6,6;4,3,1,2,0,5
136;0;6,6,6,6,6,6;3,4,5,2,1,0
38;0;6,6,6,6,6,6;3,5,4,2,0,1
71;0;6,6,6,6,6,6;3,4,5,2,0,1
83;0;6,6,6,6,6,6;4,3,1,2,5,0
108;0;6,6,6,6,6,6;1,5,2,3,4,0
162;0;6,6,6,6,6,6;5,3,1,0,2,4
236;0;6,6,6,6,6,6;1,5,3,4,0,2
94;0;6,6,6,6,6,6;0,1,2,4,5,3
139;0;6,6,6,6,6,6;0,2,3,1,4,5
103;0;6,6,6,6,6,6;0,4,2,1,5,3
102;0;6,6,6,6,6,6;1,2,5,3,0,4
71;0;6,6,6,6,6,6;0,2,3,5,4,1
92;0;6,6,6,6,6,6;1,4,2,0,3,5
94;0;6,6,6,6,6,6;5,1,2,3,4,0
324;0;6,6,6,6,6,6;4,2,0,1,5,3
129;0;6,6,6,6,6,6;1,2,4,5,3,0
92;0;6,6,6,6,6,6;5,2,1,4,0,3
131;0;6,6,6,6,6,6;3,4,1,0,5,2
60;0;6,6,6,6,6,6;2,3,4,1,5,0
137;0;6,6,6,6,6,6;4,2,1,0,3,5
163;0;6,6,6,6,6,6;4,2,0,1,3,5
142;0;6,6,6,6,6,6;2,0,5,1,3,4
92;0;6,6,6,6,6,6;3,2,0,4,5,1
77;0;6,6,6,6,6,6;3,0,4,2,1,5
190;0;6,6,6,6,6,6;5,0,4,2,3,1
68;0;6,6,6,6,6,6;1,0,2,3,5,4
72;0;6,6,6,6,6,6;1,0,3,5,2,4
91;0;6,6,6,6,6,6;1,4,0,2,3,5
246;0;6,6,6,6,6,6;2,1,5,0,4,3
196;0;6,6,6,6,6,6;3,5,1,4,2,0
128;0;6,6,6,6,6,6;4,2,0,5,3,1
219;0;6,6,6,6,6,6;0,1,2,4,3,5
50;0;6,6,6,6,6,6;3,1,2,0,5,4
155;0;6,6,6,6,6,6;3,0,5,2,1,4
81;0;6,6,6,6,6,6;0,5,4,2,3,1
93;0;6,6,6,6,6,6;1,2,5,3,4,0
112;0;6,6,6,6,6,6;0,4,1,2,5,3
90;0;6,6,6,6,6,6;2,4,5,0,3,1
111;0;6,6,6,6,6,6;3,0,2,4,1,5
130;0;6,6,6,6,6,6;5,0,4,2,1,3
184;0;6,6,6,6,6,6;2,3,0,5,1,4
227;0;6,6,6,6,6,6;3,5,1,2,4,0
48;0;6,6,6,6,6,6;1,5,0,3,4,2
221;0;6,6,6,6,6,6;5,3,4,1,0,2
283;0;6,6,6,6,6,6;0,4,5,1,2,3
395;0;6,6,6,6,6,6;3,5,4,0,1,2
299;0;6,6,6,6,6,6;2,4,0,1,5,3
233;0;6,6,6,6,6,6;5,3,0,4,1,2
137;0;6,6,6,6,6,6;4,0,3,2,5,1
122;0;6,6,6,6,6,6;2,4,1,0,5,3
155;0;6,6,6,6,6,6;0,5,2,3,1,4
107;0;6,6,6,6,6,6;2,0,5,3,4,1
151;0;6,6,6,6,6,6;5,3,4,1,2,0
116;0;6,6,6,6,6,6;3,4,0,1,2,5
116;0;6,6,6,6,6,6;0,3,4,2,1,5
112;0;6,6,6,6,6,6;4,0,1,2,3,5
90;0;6,6,6,6,6,6;3,5,0,2,4,1
260;0;6,6,6,6,6,6;0,1,5,2,4,3
170;0;6,6,6,6,6,6;2,3,5,0,1,4
285;0;6,6,6,6,6,6;5,3,4,2,0,1
237;0;6,6,6,6,6,6;4,2,0,5,1,3
122;0;6,6,6,6,6,6;3,0,1,2,4,5
99;0;6,6,6,6,6,6;5,1,0,4,2,3
382;0;6,6,6,6,6,6;5,0,3,4,2,1
63;0;6,6,6,6,6,6;5,3,0,2,4,1
426;0;6,6,6,6,6,6;0,4,2,5,1,3
52;0;6,6,6,6,6,6;0,2,1,3,4,5
157;0;6,6,6,6,6,6;3,2,5,0,1,4
278;0;6,6,6,6,6,6;3,1,2,4,5,0
125;0;6,6,6,6,6,6;3,0,4,1,2,5
193;0;6,6,6,6,6,6;3,5,1,4,0,2
128;0;6,6,6,6,6,6;5,3,2,0,4,1
131;0;6,6,6,6,6,6;3,5,1,2,0,4
182;0;6,6,6,6,6,6;3,4,0,5,1,2
166;0;6,6,6,6,6,6;2,5,0,3,1,4
121;0;6,6,6,6,6,6;4,2,3,0,1,5
169;0;6,6,6,6,6,6;0,1,2,4,5,3
55;0;6,6,6,6,6,6;2,1,0,4,3,5
125;0;6,6,6,6,6,6;0,4,3,2,1,5
288;0;6,6,6,6,6,6;1,5,3,2,0,4
182;0;6,6,6,6,6,6;4,0,5,1,2,3
153;0;6,6,6,6,6,6;1,2,4,3,5,0
133;0;6,6,6,6,6,6;0,2,5,4,1,3
194;0;6,6,6,6,6,6;2,3,0,4,5,1
196;0;6,6,6,6,6,6;2,0,1,5,4,3
208;0;6,6,6,6,6,6;2,4,1,3,0,5
119;0;6,6,6,6,6,6;4,5,1,2,3,0
311;0;6,6,6,6,6,6;1,0,4,5,2,3
122;0;6,6,6,6,6,6;5,1,4,0,3,2
349;0;6,6,6,6,6,6;5,4,3,2,0,1
108;0;6,6,6,6,6,6;5,0,4,1,2,3
366;0;6,6,6,6,6,6;4,1,3,5,2,0
114;0;6,6,6,6,6,6;4,3,1,5,0,2
309;0;6,6,6,6,6,6;4,1,3,2,5,0
363;0;6,6,6,6,6,6;4,0,5,3,2,1
236;0;6,6,6,6,6,6;5,1,0,3,4,2
158;0;6,6,6,6,6,6;3,1,5,4,2,0
120;0;6,6,6,6,6,6;5,3,4,1,0,2
196;0;6,6,6,6,6,6;1,5,2,0,4,3
221;0;6,6,6,6,6,6;2,1,5,0,3,4
212;0;6,6,6,6,6,6;4,3,1,5,2,0
80;0;6,6,6,6,6,6;3,2,0,1,5,4
161;0;6,6,6,6,6,6;0,1,2,4,3,5
151;0;6,6,6,6,6,6;5,4,1,2,3,0
269;0;6,6,6,6,6,6;5,3,4,2,0,1
366;0;6,6,6,6,6,6;0,5,3,1,2,4
297;0;6,6,6,6,6,6;3,1,0,2,4,5
222;0;6,6,6,6,6,6;5,2,1,4,0,3
156;0;6,6,6,6,6,6;0,1,5,3,2,4
65;0;6,6,6,6,6,6;4,3,1,5,2,0
113;0;6,6,6,6,6,6;5,4,1,0,3,2
155;0;6,6,6,6,6,6;2,1,5,4,0,3
141;0;6,6,6,6,6,6;4,2,0,5,1,3
182;0;6,6,6,6,6,6;4,5,3,0,1,2
88;0;6,6,6,6,6,6;4,5,0,3,2,1
170;0;6,6,6,6,6,6;1,5,4,2,0,3
188;0;6,6,6,6,6,6;0,3,5,1,4,2
305;0;6,6,6,6,6,6;0,2,1,5,4,3
87;0;6,6,6,6,6,6;4,2,0,5,1,3
96;0;6,6,6,6,6,6;3,1,4,5,0,2
138;0;6,6,6,6,6,6;1,4,5,0,3,2
412;0;6,6,6,6,6,6;3,1,2,5,4,0
268;0;6,6,6,6,6,6;3,4,1,2,0,5
84;0;6,6,6,6,6,6;2,0,3,1,5,4
270;0;6,6,6,6,6,6;5,4,0,3,1,2
316;0;6,6,6,6,6,6;3,0,5,2,1,4
145;0;6,6,6,6,6,6;3,4,2,0,1,5
174;0;6,6,6,6,6,6;3,2,4,0,5,1
113;0;6,6,6,6,6,6;5,3,4,1,2,0
94;0;6,6,6,6,6,6;0,1,5,4,2,3
102;0;6,6,6,6,6,6;3,0,1,5,4,2
97;0;6,6,6,6,6,6;2,3,1,5,4,0
104;0;6,6,6,6,6,6;0,4,1,5,3,2
145;0;6,6,6,6,6,6;3,2,4,5,0,1
209;0;6,6,6,6,6,6;1,4,5,0,3,2
128;0;6,6,6,6,6,6;1,2,3,0,4,5
86;0;6,6,6,6,6,6;5,2,4,1,3,0
230;0;6,6,6,6,6,6;1,3,4,2,5,0
290;0;6,6,6,6,6,6;4,1,0,2,3,5
79;0;6,6,6,6,6,6;5,0,4,3,1,2
128;0;6,6,6,6,6,6;0,1,2,5,4,3
336;0;6,6,6,6,6,6;0,2,3,4,5,1
193;0;6,6,6,6,6,6;3,4,0,5,1,2
106;0;6,6,6,6,6,6;3,2,5,0,4,1
196;0;6,6,6,6,6,6;3,1,5,0,2,4
413;0;6,6,6,6,6,6;2,4,1,5,3,0
543;0;6,6,6,6,6,6;3,2,5,0,4,1
262;0;6,6,6,6,6,6;4,2,3,1,0,5
96;0;6,6,6,6,6,6;3,1,5,4,0,2
186;0;6,6,6,6,6,6;1,5,0,4,2,3
256;0;6,6,6,6,6,6;3,0,5,1,4,2
399;0;6,6,6,6,6,6;1,2,5,3,0,4
239;0;6,6,6,6,6,6;0,3,2,5,4,1
81;0;6,6,6,6,6,6;0,5,4,2,1,3
201;0;6,6,6,6,6,6;1,2,5,0,3,4
67;0;6,6,6,6,6,6;4,1,0,5,2,3
159;0;6,6,6,6,6,6;4,2,0,1,3,5
48;0;6,6,6,6,6,6;0,1,2,3,5,4
202;0;6,6,6,6,6,6;2,3,1,5,4,0
55;0;6,6,6,6,6,6;2,3,1,0,4,5
136;0;6,6,6,6,6,6;0,3,1,5,4,2
104;0;6,6,6,6,6,6;3,4,2,5,0,1
291;0;6,6,6,6,6,6;1,3,0,5,4,2
362;0;6,6,6,6,6,6;0,2,5,4,3,1
116;0;6,6,6,6,6,6;1,5,2,4,0,3
74;0;6,6,6,6,6,6;1,2,4,3,0,5
54;0;6,6,6,6,6,6;5,2,0,3,4,1
98;0;6,6,6,6,6,6;4,5,3,0,1,2
155;0;6,6,6,6,6,6;0,2,1,3,5,4
129;0;6,6,6,6,6,6;0,3,4,5,2,1
178;0;6,6,6,6,6,6;1,2,4,5,3,0
231;0;6,6,6,6,6,6;1,3,2,5,4,0
71;0;6,6,6,6,6,6;2,4,5,3,0,1
108;0;6,6,6,6,6,6;1,3,5,4,0,2
222;0;6,6,6,6,6,6;0,3,2,5,1,4
142;0;6,6,6,6,6,6;2,5,4,3,1,0
166;0;6,6,6,6,6,6;0,4,1,2,5,3
54;0;6,6,6,6,6,6;3,1,5,2,0,4
94;0;6,6,6,6,6,6;3,4,1,0,2,5
140;0;6,6,6,6,6,6;0,1,4,5,3,2
367;0;6,6,6,6,6,6;0,3,1,5,2,4
93;0;6,6,6,6,6,6;3,4,1,0,2,5
145;0;6,6,6,6,6,6;3,0,2,1,5,4
148;0;6,6,6,6,6,6;1,4,3,2,5,0
137;0;6,6,6,6,6,6;0,5,1,3,2,4
90;0;6,6,6,6,6,6;0,3,1,5,2,4
134;0;6,6,6,6,6,6;5,2,4,3,1,0
186;0;6,6,6,6,6,6;0,4,1,5,3,2
53;0;6,6,6,6,6,6;2,3,4,5,0,1
294;0;6,6,6,6,6,6;4,0,2,3,5,1
166;0;6,6,6,6,6,6;5,0,3,1,2,4
76;0;6,6,6,6,6,6;5,3,1,4,2,0
61;0;6,6,6,6,6,6;5,2,4,0,1,3
240;0;6,6,6,6,6,6;3,1,0,4,5,2
92;0;6,6,6,6,6,6;0,4,1,2,3,5
191;0;6,6,6,6,6,6;0,1,3,4,2,5
47;0;6,6,6,6,6,6;2,5,1,0,4,3
225;0;6,6,6,6,6,6;0,2,5,4,1,3
109;0;6,6,6,6,6,6;2,5,4,3,1,0
270;0;6,6,6,6,6,6;1,0,2,3,5,4
264;0;6,6,6,6,6,6;1,2,0,4,3,5
219;0;6,6,6,6,6,6;0,4,2,5,1,3
77;0;6,6,6,6,6,6;4,3,0,1,5,2
105;0;6,6,6,6,6,6;1,3,5,4,0,2
420;0;6,6,6,6,6,6;1,0,5,4,3,2
64;0;6,6,6,6,6,6;4,0,2,1,3,5
56;0;6,6,6,6,6,6;1,0,3,5,2,4
93;0;6,6,6,6,6,6;4,0,1,3,2,5
90;0;6,6,6,6,6,6;4,0,2,5,3,1
194;0;6,6,6,6,6,6;4,3,2,0,1,5
204;0;6,6,6,6,6,6;2,5,4,1,3,0
107;0;6,6,6,6,6,6;4,1,0,2,3,5
76;0;6,6,6,6,6,6;1,2,3,4,5,0
83;0;6,6,6,6,6,6;4,1,0,2,5,3
197;0;6,6,6,6,6,6;5,3,0,1,2,4
80;0;6,6,6,6,6,6;3,1,4,5,2,0
512;0;6,6,6,6,6,6;3,2,1,0,4,5
101;0;6,6,6,6,6,6;3,5,1,2,4,0
78;0;6,6,6,6,6,6;4,0,2,3,1,5
111;0;6,6,6,6,6,6;1,4,5,0,2,3
56;0;6,6,6,6,6,6;0,5,2,1,4,3
85;0;6,6,6,6,6,6;1,0,3,4,2,5
74;0;6,6,6,6,6,6;1,3,0,5,2,4
50;0;6,6,6,6,6,6;5,3,4,0,1,2
249;0;6,6,6,6,6,6;5,1,2,4,0,3
228;0;6,6,6,6,6,6;2,1,5,3,0,4
79;0;6,6,6,6,6,6;5,2,0,4,1,3
132;0;6,6,6,6,6,6;3,4,2,1,0,5
100;0;6,6,6,6,6,6;3,4,2,5,0,1
248;0;6,6,6,6,6,6;2,3,1,4,0,5
98;0;6,6,6,6,6,6;5,1,2,0,3,4
136;0;6,6,6,6,6,6;3,2,1,5,0,4
269;0;6,6,6,6,6,6;1,5,2,4,3,0
92;0;6,6,6,6,6,6;5,1,4,3,2,0
114;0;6,6,6,6,6,6;0,4,5,2,3,1
67;0;6,6,6,6,6,6;0,1,4,3,5,2
194;0;6,6,6,6,6,6;1,5,3,2,0,4
164;0;6,6,6,6,6,6;1,2,3,0,5,4
76;0;6,6,6,6,6,6;3,1,2,4,5,0
86;0;6,6,6,6,6,6;1,0,3,5,4,2
80;0;6,6,6,6,6,6;2,0,3,4,5,1
226;0;6,6,6,6,6,6;0,3,5,2,1,4
110;0;6,6,6,6,6,6;4,5,1,2,3,0
89;0;6,6,6,6,6,6;4,5,1,0,2,3
99;0;6,6,6,6,6,6;4,3,2,5,0,1
80;0;6,6,6,6,6,6;2,4,1,3,5,0
66;0;6,6,6,6,6,6;2,5,1,4,3,0
77;0;6,6,6,6,6,6;4,2,5,3,0,1
78;0;6,6,6,6,6,6;1,2,0,3,5,4
42;0;6,6,6,6,6,6;3,2,5,4,1,0
96;0;6,6,6,6,6,6;5,4,0,2,3,1
176;0;6,6,6,6,6,6;3,1,0,5,2,4
216;0;6,6,6,6,6,6;2,1,5,4,0,3
168;0;6,6,6,6,6,6;0,1,5,3,4,2
68;0;6,6,6,6,6,6;2,0,5,3,4,1
57;0;6,6,6,6,6,6;5,0,4,2,3,1
132;0;6,6,6,6,6,6;3,2,0,1,5,4
239;0;6,6,6,6,6,6;3,0,1,4,2,5
358;0;6,6,6,6,6,6;4,3,0,1,2,5
159;0;6,6,6,6,6,6;0,4,2,5,3,1
210;0;6,6,6,6,6,6;1,3,4,2,5,0
110;0;6,6,6,6,6,6;1,4,0,5,3,2
217;0;6,6,6,6,6,6;2,1,4,0,5,3
283;0;6,6,6,6,6,6;5,2,1,0,3,4
131;0;6,6,6,6,6,6;2,5,0,3,4,1
60;0;6,6,6,6,6,6;3,4,0,1,2,5
229;0;6,6,6,6,6,6;1,5,3,2,4,0
87;0;6,6,6,6,6,6;1,4,5,3,2,0
122;0;6,6,6,6,6,6;0,3,4,1,5,2
168;0;6,6,6,6,6,6;5,4,3,2,0,1
221;0;6,6,6,6,6,6;4,5,3,2,1,0
375;0;6,6,6,6,6,6;2,3,1,5,4,0
224;0;6,6,6,6,6,6;3,1,4,5,0,2
293;0;6,6,6,6,6,6;2,5,4,0,3,1
113;0;6,6,6,6,6,6;5,3,0,2,4,1
167;0;6,6,6,6,6,6;2,1,3,0,4,5
89;0;6,6,6,6,6,6;0,4,1,5,3,2
74;0;6,6,6,6,6,6;3,2,0,4,1,5
219;0;6,6,6,6,6,6;5,4,2,1,3,0
389;0;6,6,6,6,6,6;2,1,4,3,5,0
132;0;6,6,6,6,6,6;3,0,4,5,2,1
142;0;6,6,6,6,6,6;4,2,1,3,0,5
93;0;6,6,6,6,6,6;2,4,5,1,0,3
64;0;6,6,6,6,6,6;3,5,0,2,4,1
82;0;6,6,6,6,6,6;3,4,1,5,2,0
99;0;6,6,6,6,6,6;1,0,2,3,4,5
240;0;6,6,6,6,6,6;1,3,5,0,2,4
238;0;6,6,6,6,6,6;2,1,0,3,4,5
169;0;6,6,6,6,6,6;5,4,2,3,0,1
102;0;6,6,6,6,6,6;2,1,3,5,4,0
312;0;6,6,6,6,6,6;1,0,4,5,2,3
80;0;6,6,6,6,6,6;5,3,0,2,1,4
368;0;6,6,6,6,6,6;0,2,1,4,5,3
96;0;6,6,6,6,6,6;2,1,5,4,3,0
118;0;6,6,6,6,6,6;0,1,3,5,2,4
164;0;6,6,6,6,6,6;3,2,1,4,5,0
260;0;6,6,6,6,6,6;4,1,2,3,0,5
106;0;6,6,6,6,6,6;4,5,3,1,2,0
79;0;6,6,6,6,6,6;1,5,4,2,3,0
78;0;6,6,6,6,6,6;4,2,5,1,3,0
134;0;6,6,6,6,6,6;0,2,1,5,3,4
59;0;6,6,6,6,6,6;4,0,2,5,1,3
65;0;6,6,6,6,6,6;2,3,5,1,4,0
117;0;6,6,6,6,6,6;2,5,4,0,1,3
269;0;6,6,6,6,6,6;2,3,5,4,1,0
173;0;6,6,6,6,6,6;0,2,4,3,5,1
178;0;6,6,6,6,6,6;4,2,1,0,5,3
139;0;6,6,6,6,6,6;4,5,2,0,3,1
144;0;6,6,6,6,6,6;1,5,4,2,0,3
118;0;6,6,6,6,6,6;5,1,2,3,0,4
43;0;6,6,6,6,6,6;5,2,0,4,1,3
73;0;6,6,6,6,6,6;1,0,4,5,3,2
92;0;6,6,6,6,6,6;3,0,5,4,2,1
60;0;6,6,6,6,6,6;4,0,5,1,2,3
63;0;6,6,6,6,6,6;1,2,0,4,3,5
263;0;6,6,6,6,6,6;1,0,2,3,4,5
100;0;6,6,6,6,6,6;0,5,1,3,2,4
213;0;6,6,6,6,6,6;1,0,2,4,3,5
324;0;6,6,6,6,6,6;0,4,1,2,3,5
95;0;6,6,6,6,6,6;1,3,2,5,0,4
91;0;6,6,6,6,6,6;2,0,3,5,4,1
89;0;6,6,6,6,6,6;4,2,5,3,0,1
432;0;6,6,6,6,6,6;5,4,2,0,3,1
91;0;6,6,6,6,6,6;3,4,0,2,1,5
177;0;6,6,6,6,6,6;1,3,0,5,4,2
135;0;6,6,6,6,6,6;4,3,0,1,2,5
110;0;6,6,6,6,6,6;1,0,2,3,4,5
262;0;6,6,6,6,6,6;3,0,5,2,1,4
93;0;6,6,6,6,6,6;2,5,3,4,0,1
68;0;6,6,6,6,6,6;4,2,0,1,5,3
185;0;6,6,6,6,6,6;3,5,0,4,2,1
71;0;6,6,6,6,6,6;4,3,2,0,5,1
135;0;6,6,6,6,6,6;2,3,0,1,4,5
416;0;6,6,6,6,6,6;1,4,2,5,0,3
210;0;6,6,6,6,6,6;1,4,0,2,3,5
247;0;6,6,6,6,6,6;4,5,1,2,0,3
83;0;6,6,6,6,6,6;1,5,4,3,2,0
106;0;6,6,6,6,6,6;5,1,3,0,4,2
120;0;6,6,6,6,6,6;2,5,3,0,1,4
150;0;6,6,6,6,6,6;4,5,0,3,1,2
78;0;6,6,6,6,6,6;4,3,5,2,0,1
50;0;6,6,6,6,6,6;4,2,3,5,0,1
367;0;6,6,6,6,6,6;2,5,4,1,0,3
192;0;6,6,6,6,6,6;3,4,0,2,5,1
107;0;6,6,6,6,6,6;4,3,2,1,0,5
192;0;6,6,6,6,6,6;4,5,0,2,1,3
127;0;6,6,6,6,6,6;1,0,5,3,2,4
175;0;6,6,6,6,6,6;3,1,2,0,5,4
111;0;6,6,6,6,6,6;1,0,5,2,3,4
141;0;6,6,6,6,6,6;3,1,2,5,0,4
220;0;6,6,6,6,6,6;5,1,2,4,0,3
215;0;6,6,6,6,6,6;5,0,1,3,2,4
299;0;6,6,6,6,6,6;5,1,4,2,3,0
134;0;6,6,6,6,6,6;1,0,2,5,3,4
233;0;6,6,6,6,6,6;2,1,3,5,4,0
108;0;6,6,6,6,6,6;4,0,5,2,3,1
241;0;6,6,6,6,6,6;1,2,3,0,4,5
197;0;6,6,6,6,6,6;4,3,0,2,1,5
82;0;6,6,6,6,6,6;2,5,4,3,1,0
101;0;6,6,6,6,6,6;4,2,3,0,1,5
149;0;6,6,6,6,6,6;3,1,2,0,5,4
101;0;6,6,6,6,6,6;5,3,2,0,4,1
79;0;6,6,6,6,6,6;4,5,2,3,1,0
79;0;6,6,6,6,6,6;2,5,0,3,1,4
251;0;6,6,6,6,6,6;4,1,5,2,0,3
119;0;6,6,6,6,6,6;1,2,0,3,4,5
206;0;6,6,6,6,6,6;1,2,0,4,3,5
45;0;6,6,6,6,6,6;0,1,3,2,4,5
181;0;6,6,6,6,6,6;5,0,3,2,4,1
112;0;6,6,6,6,6,6;4,0,5,2,3,1
103;0;6,6,6,6,6,6;1,0,2,5,3,4
62;0;6,6,6,6,6,6;0,5,4,2,1,3
69;0;6,6,6,6,6,6;4,2,1,0,5,3
125;0;6,6,6,6,6,6;3,5,1,0,4,2
141;0;6,6,6,6,6,6;0,5,1,4,2,3
221;0;6,6,6,6,6,6;0,3,1,5,2,4
160;0;6,6,6,6,6,6;2,0,1,3,4,5
118;0;6,6,6,6,6,6;2,3,1,5,4,0
231;0;6,6,6,6,6,6;0,1,2,5,4,3
210;0;6,6,6,6,6,6;5,3,2,4,0,1
133;0;6,6,6,6,6,6;0,5,4,3,1,2
72;0;6,6,6,6,6,6;1,3,0,4,2,5
231;0;6,6,6,6,6,6;3,2,1,5,0,4
77;0;6,6,6,6,6,6;2,5,1,3,4,0
63;0;6,6,6,6,6,6;3,2,0,4,1,5
125;0;6,6,6,6,6,6;1,3,5,2,0,4
50;0;6,6,6,6,6,6;1,3,4,5,2,0
89;0;6,6,6,6,6,6;4,1,0,3,2,5
136;0;6,6,6,6,6,6;2,5,4,3,0,1
116;0;6,6,6,6,6,6;0,5,4,2,1,3
184;0;6,6,6,6,6,6;5,0,2,4,3,1
108;0;6,6,6,6,6,6;2,3,1,4,5,0
162;0;6,6,6,6,6,6;1,0,2,4,5,3
129;0;6,6,6,6,6,6;1,0,4,5,2,3
386;0;6,6,6,6,6,6;0,3,4,2,5,1
52;0;6,6,6,6,6,6;2,4,5,1,0,3
118;0;6,6,6,6,6,6;0,3,2,4,1,5
100;0;6,6,6,6,6,6;2,5,3,4,0,1
444;0;6,6,6,6,6,6;5,0,2,3,4,1
92;0;6,6,6,6,6,6;1,5,3,2,4,0
58;0;6,6,6,6,6,6;4,3,1,5,0,2
130;0;6,6,6,6,6,6;2,5,4,1,0,3
206;0;6,6,6,6,6,6;5,4,0,1,2,3
118;0;6,6,6,6,6,6;4,3,0,5,1,2
176;0;6,6,6,6,6,6;3,0,4,5,2,1
204;0;6,6,6,6,6,6;1,5,4,2,0,3
112;0;6,6,6,6,6,6;4,5,3,0,1,2
270;0;6,6,6,6,6,6;4,2,5,0,3,1
120;0;6,6,6,6,6,6;0,5,4,3,1,2
71;0;6,6,6,6,6,6;0,5,3,4,1,2
184;0;6,6,6,6,6,6;1,2,0,4,3,5
76;0;6,6,6,6,6,6;1,0,3,2,5,4
86;0;6,6,6,6,6,6;5,3,2,1,4,0
196;0;6,6,6,6,6,6;3,1,0,5,2,4
99;0;6,6,6,6,6,6;2,1,3,5,0,4
59;0;6,6,6,6,6,6;3,1,4,0,5,2
261;0;6,6,6,6,6,6;2,1,3,5,0,4
105;0;6,6,6,6,6,6;0,2,3,1,4,5
213;0;6,6,6,6,6,6;4,2,1,3,5,0
139;0;6,6,6,6,6,6;1,5,2,4,0,3
127;0;6,6,6,6,6,6;4,3,1,5,0,2
200;0;6,6,6,6,6,6;4,5,0,2,1,3
183;0;6,6,6,6,6,6;5,2,1,3,4,0
100;0;6,6,6,6,6,6;4,1,3,0,2,5
148;0;6,6,6,6,6,6;5,2,4,0,1,3
96;0;6,6,6,6,6,6;5,0,3,2,4,1
132;0;6,6,6,6,6,6;1,0,3,4,5,2
54;0;6,6,6,6,6,6;1,4,0,5,3,2
59;0;6,6,6,6,6,6;4,1,2,0,5,3
163;0;6,6,6,6,6,6;1,4,5,3,0,2
171;0;6,6,6,6,6,6;5,4,0,1,2,3
75;0;6,6,6,6,6,6;2,3,1,4,0,5
167;0;6,6,6,6,6,6;4,1,3,5,2,0
49;0;6,6,6,6,6,6;5,3,4,0,1,2
122;0;6,6,6,6,6,6;2,1,5,3,4,0
255;0;6,6,6,6,6,6;0,1,5,3,4,2
369;0;6,6,6,6,6,6;2,0,4,3,5,1
102;0;6,6,6,6,6,6;5,3,0,4,1,2
343;0;6,6,6,6,6,6;2,5,0,1,4,3
62;0;6,6,6,6,6,6;2,4,5,1,3,0
113;0;6,6,6,6,6,6;4,1,2,5,0,3
103;0;6,6,6,6,6,6;4,5,0,1,2,3
375;0;6,6,6,6,6,6;3,2,0,1,5,4
101;0;6,6,6,6,6,6;2,5,1,4,3,0
75;0;6,6,6,6,6,6;0,1,2,4,5,3
102;0;6,6,6,6,6,6;0,1,4,5,2,3
107;0;6,6,6,6,6,6;3,5,2,4,1,0
246;0;6,6,6,6,6,6;0,1,3,4,5,2
235;0;6,6,6,6,6,6;0,5,2,3,4,1
75;0;6,6,6,6,6,6;2,3,5,4,1,0
145;0;6,6,6,6,6,6;0,2,5,4,1,3
126;0;6,6,6,6,6,6;1,5,3,4,0,2
127;0;6,6,6,6,6,6;1,3,4,0,2,5
165;0;6,6,6,6,6,6;3,0,5,2,1,4
90;0;6,6,6,6,6,6;3,0,1,2,4,5
430;0;6,6,6,6,6,6;5,2,0,1,4,3
41;0;6,6,6,6,6,6;0,5,4,3,2,1
39;0;6,6,6,6,6,6;5,1,0,3,2,4
199;0;6,6,6,6,6,6;5,1,4,2,3,0
262;0;6,6,6,6,6,6;1,0,3,4,5,2
295;0;6,6,6,6,6,6;1,0,2,3,4,5
193;0;6,6,6,6,6,6;5,0,1,3,4,2
130;0;6,6,6,6,6,6;4,3,5,0,2,1
303;0;6,6,6,6,6,6;0,2,4,3,1,5
494;0;6,6,6,6,6,6;4,2,5,1,3,0
224;0;6,6,6,6,6,6;4,5,0,1,3,2
109;0;6,6,6,6,6,6;0,5,2,4,1,3
134;0;6,6,6,6,6,6;1,5,2,4,3,0
120;0;6,6,6,6,6,6;5,1,2,4,3,0
137;0;6,6,6,6,6,6;1,2,4,5,3,0
250;0;6,6,6,6,6,6;1,0,2,3,5,4
224;0;6,6,6,6,6,6;1,5,0,4,3,2
124;0;6,6,6,6,6,6;3,2,1,5,0,4
109;0;6,6,6,6,6,6;2,3,4,5,1,0
211;0;6,6,6,6,6,6;1,2,3,0,5,4
185;0;6,6,6,6,6,6;0,2,5,4,1,3
270;0;6,6,6,6,6,6;1,3,2,4,5,0
273;0;6,6,6,6,6,6;2,4,5,1,3,0
147;0;6,6,6,6,6,6;1,5,2,0,4,3
143;0;6,6,6,6,6,6;1,0,4,3,2,5
151;0;6,6,6,6,6,6;3,1,2,4,5,0
88;0;6,6,6,6,6,6;2,3,5,1,0,4
207;0;6,6,6,6,6,6;0,1,2,5,4,3
91;0;6,6,6,6,6,6;4,0,2,3,5,1
221;0;6,6,6,6,6,6;2,5,3,1,0,4
191;0;6,6,6,6,6,6;1,5,2,0,3,4
175;0;6,6,6,6,6,6;4,5,2,3,0,1
167;0;6,6,6,6,6,6;3,0,5,4,1,2
206;0;6,6,6,6,6,6;5,4,3,2,0,1
150;0;6,6,6,6,6,6;1,0,5,2,4,3
133;0;6,6,6,6,6,6;2,1,0,5,4,3
276;0;6,6,6,6,6,6;5,1,4,3,2,0
83;0;6,6,6,6,6,6;5,4,1,2,0,3
385;0;6,6,6,6,6,6;5,3,4,1,2,0
157;0;6,6,6,6,6,6;5,4,0,1,2,3
153;0;6,6,6,6,6,6;3,0,4,1,2,5
364;0;6,6,6,6,6,6;3,4,1,0,5,2
134;0;6,6,6,6,6,6;1,4,2,0,5,3
473;0;6,6,6,6,6,6;2,4,1,0,3,5
81;0;6,6,6,6,6,6;4,1,3,5,2,0
272;0;6,6,6,6,6,6;4,5,1,3,0,2
92;0;6,6,6,6,6,6;2,4,0,5,1,3
106;0;6,6,6,6,6,6;0,4,2,1,5,3
258;0;6,6,6,6,6,6;4,2,3,0,1,5
232;0;6,6,6,6,6,6;3,5,4,0,1,2
66;0;6,6,6,6,6,6;4,5,2,1,3,0
107;0;6,6,6,6,6,6;3,5,2,0,1,4
91;0;6,6,6,6,6,6;2,5,3,4,1,0
71;0;6,6,6,6,6,6;4,3,1,2,0,5
123;0;6,6,6,6,6,6;1,0,2,4,5,3
59;0;6,6,6,6,6,6;1,5,0,2,3,4
162;0;6,6,6,6,6,6;4,1,5,0,2,3
111;0;6,6,6,6,6,6;2,1,3,5,4,0
101;0;6,6,6,6,6,6;1,0,2,3,5,4
671;0;6,6,6,6,6,6;2,4,3,5,0,1
244;0;6,6,6,6,6,6;4,1,0,3,2,5
228;0;6,6,6,6,6,6;5,0,2,1,3,4
269;0;6,6,6,6,6,6;4,1,5,3,0,2
290;0;6,6,6,6,6,6;1,4,2,5,3,0
90;0;6,6,6,6,6,6;0,4,2,3,5,1
57;0;6,6,6,6,6,6;5,0,1,4,2,3
40;0;6,6,6,6,6,6;0,4,2,5,3,1
57;0;6,6,6,6,6,6;2,5,4,1,0,3
168;0;6,6,6,6,6,6;0,2,5,3,1,4
103;0;6,6,6,6,6,6;2,0,1,5,3,4
289;0;6,6,6,6,6,6;1,4,0,5,2,3
149;0;6,6,6,6,6,6;0,4,2,3,1,5
154;0;6,6,6,6,6,6;3,0,5,1,2,4
64;0;6,6,6,6,6,6;4,2,1,3,5,0
271;0;6,6,6,6,6,6;3,2,5,1,4,0
304;0;6,6,6,6,6,6;4,2,1,3,5,0
124;0;6,6,6,6,6,6;4,2,5,0,1,3
130;0;6,6,6,6,6,6;4,2,0,1,5,3
88;0;6,6,6,6,6,6;1,3,0,2,4,5
184;0;6,6,6,6,6,6;1,3,5,0,4,2
109;0;6,6,6,6,6,6;4,5,3,2,0,1
120;0;6,6,6,6,6,6;0,5,3,4,1,2
94;0;6,6,6,6,6,6;3,5,0,2,1,4
97;0;6,6,6,6,6,6;0,4,3,5,2,1
154;0;6,6,6,6,6,6;1,0,2,4,3,5
74;0;6,6,6,6,6,6;3,0,1,5,4,2
77;0;6,6,6,6,6,6;5,2,1,0,4,3
238;0;6,6,6,6,6,6;1,2,0,5,4,3
155;0;6,6,6,6,6,6;0,1,2,4,5,3
423;0;6,6,6,6,6,6;0,1,2,3,4,5
68;0;6,6,6,6,6,6;2,4,0,3,5,1
144;0;6,6,6,6,6,6;3,4,2,0,1,5
283;0;6,6,6,6,6,6;4,1,3,5,0,2
232;0;6,6,6,6,6,6;3,2,4,0,1,5
159;0;6,6,6,6,6,6;2,4,5,0,3,1
70;0;6,6,6,6,6,6;2,4,5,3,1,0
103;0;6,6,6,6,6,6;2,1,3,5,0,4
134;0;6,6,6,6,6,6;0,1,4,5,2,3
58;0;6,6,6,6,6,6;4,1,2,3,0,5
31;0;6,6,6,6,6,6;3,2,5,0,1,4
64;0;6,6,6,6,6,6;5,0,1,2,4,3
184;0;6,6,6,6,6,6;1,4,3,5,0,2
102;0;6,6,6,6,6,6;2,3,1,4,5,0
77;0;6,6,6,6,6,6;0,3,4,5,1,2
313;0;6,6,6,6,6,6;5,1,3,0,2,4
196;0;6,6,6,6,6,6;3,2,5,0,1,4
95;0;6,6,6,6,6,6;4,0,5,2,3,1
112;0;6,6,6,6,6,6;2,5,4,1,3,0
98;0;6,6,6,6,6,6;2,0,5,4,1,3
154;0;6,6,6,6,6,6;3,0,5,2,4,1
141;0;6,6,6,6,6,6;4,2,1,3,5,0
71;0;6,6,6,6,6,6;4,2,5,0,3,1
411;0;6,6,6,6,6,6;3,0,1,2,5,4
78;0;6,6,6,6,6,6;4,3,5,2,1,0
132;0;6,6,6,6,6,6;1,3,4,2,5,0
85;0;6,6,6,6,6,6;0,5,4,3,2,1
90;0;6,6,6,6,6,6;5,2,3,0,1,4
106;0;6,6,6,6,6,6;1,2,4,3,0,5
194;0;6,6,6,6,6,6;2,3,1,4,5,0
589;0;6,6,6,6,6,6;5,3,0,2,1,4
65;0;6,6,6,6,6,6;1,3,4,5,0,2
78;0;6,6,6,6,6,6;0,2,5,3,4,1
99;0;6,6,6,6,6,6;3,4,5,1,0,2
64;0;6,6,6,6,6,6;4,1,5,3,2,0
121;0;6,6,6,6,6,6;0,3,1,5,2,4
161;0;6,6,6,6,6,6;5,0,2,4,1,3
368;0;6,6,6,6,6,6;0,2,5,1,4,3
113;0;6,6,6,6,6,6;4,5,0,3,1,2
85;0;6,6,6,6,6,6;2,4,1,3,0,5
118;0;6,6,6,6,6,6;1,4,5,2,3,0
137;0;6,6,6,6,6,6;5,2,1,4,3,0
156;0;6,6,6,6,6,6;3,2,4,5,1,0
125;0;6,6,6,6,6,6;4,0,2,5,1,3
182;0;6,6,6,6,6,6;3,5,4,0,2,1
96;0;6,6,6,6,6,6;3,0,2,1,4,5
157;0;6,6,6,6,6,6;5,1,4,3,2,0
157;0;6,6,6,6,6,6;5,3,0,2,1,4
109;0;6,6,6,6,6,6;2,4,0,3,1,5
138;0;6,6,6,6,6,6;5,2,1,3,0,4
89;0;6,6,6,6,6,6;2,4,3,5,1,0
97;0;6,6,6,6,6,6;5,1,0,2,3,4
204;0;6,6,6,6,6,6;1,2,4,5,3,0
89;0;6,6,6,6,6,6;1,3,5,4,2,0
160;0;6,6,6,6,6,6;2,1,3,0,5,4
161;0;6,6,6,6,6,6;3,1,4,5,0,2
72;0;6,6,6,6,6,6;1,4,3,2,0,5
105;0;6,6,6,6,6,6;3,4,5,1,2,0
319;0;6,6,6,6,6,6;2,1,4,0,3,5
128;0;6,6,6,6,6,6;1,3,2,4,0,5
81;0;6,6,6,6,6,6;0,1,4,5,3,2
293;0;6,6,6,6,6,6;2,5,4,1,3,0
114;0;6,6,6,6,6,6;3,1,2,5,0,4
304;0;6,6,6,6,6,6;1,4,0,2,3,5
166;0;6,6,6,6,6,6;1,2,3,5,0,4
98;0;6,6,6,6,6,6;2,0,4,1,5,3
119;0;6,6,6,6,6,6;1,2,0,3,4,5
228;0;6,6,6,6,6,6;0,3,4,2,1,5
258;0;6,6,6,6,6,6;2,1,5,0,3,4
93;0;6,6,6,6,6,6;0,3,2,1,5,4
105;0;6,6,6,6,6,6;2,3,5,1,0,4
165;0;6,6,6,6,6,6;4,2,0,1,5,3
121;0;6,6,6,6,6,6;4,1,2,3,0,5
121;0;6,6,6,6,6,6;1,4,5,0,3,2
279;0;6,6,6,6,6,6;0,4,5,3,1,2
188;0;6,6,6,6,6,6;5,2,1,3,0,4
46;0;6,6,6,6,6,6;1,4,0,2,3,5
95;0;6,6,6,6,6,6;0,3,5,2,1,4
123;0;6,6,6,6,6,6;3,1,2,5,4,0
114;0;6,6,6,6,6,6;5,1,2,3,0,4
159;0;6,6,6,6,6,6;1,2,0,5,3,4
188;0;6,6,6,6,6,6;0,4,3,1,2,5
67;0;6,6,6,6,6,6;2,4,5,3,1,0
248;0;6,6,6,6,6,6;3,0,2,1,4,5
99;0;6,6,6,6,6,6;4,3,1,5,2,0
118;0;6,6,6,6,6,6;4,1,3,2,0,5
143;0;6,6,6,6,6,6;0,2,3,5,1,4
239;0;6,6,6,6,6,6;1,4,5,2,0,3
404;0;6,6,6,6,6,6;0,1,4,5,3,2
173;0;6,6,6,6,6,6;5,2,4,0,1,3
89;0;6,6,6,6,6,6;1,3,5,0,4,2
92;0;6,6,6,6,6,6;2,4,3,5,1,0
213;0;6,6,6,6,6,6;0,3,4,5,1,2
138;0;6,6,6,6,6,6;5,1,2,3,4,0
289;0;6,6,6,6,6,6;5,1,4,0,3,2
195;0;6,6,6,6,6,6;1,2,4,3,0,5
70;0;6,6,6,6,6,6;5,2,3,0,4,1
158;0;6,6,6,6,6,6;4,2,3,0,1,5
108;0;6,6,6,6,6,6;5,4,0,1,3,2
102;0;6,6,6,6,6,6;1,0,4,5,2,3
120;0;6,6,6,6,6,6;5,2,4,0,1,3
79;0;6,6,6,6,6,6;3,2,5,0,1,4
126;0;6,6,6,6,6,6;4,0,2,3,5,1
154;0;6,6,6,6,6,6;5,0,1,2,3,4
81;0;6,6,6,6,6,6;2,3,5,4,1,0
366;0;6,6,6,6,6,6;1,3,0,5,2,4
141;0;6,6,6,6,6,6;1,2,4,0,5,3
117;0;6,6,6,6,6,6;0,5,3,2,4,1
137;0;6,6,6,6,6,6;0,5,1,4,2,3
112;0;6,6,6,6,6,6;0,5,4,2,3,1
140;0;6,6,6,6,6,6;1,2,4,0,5,3
100;0;6,6,6,6,6,6;1,4,0,3,2,5
93;0;6,6,6,6,6,6;2,3,4,1,5,0
81;0;6,6,6,6,6,6;4,1,3,5,0,2
211;0;6,6,6,6,6,6;2,0,3,5,1,4
123;0;6,6,6,6,6,6;5,4,1,2,0,3
241;0;6,6,6,6,6,6;0,5,1,2,4,3
140;0;6,6,6,6,6,6;0,2,4,1,5,3
77;0;6,6,6,6,6,6;0,4,1,2,5,3
105;0;6,6,6,6,6,6;2,0,4,5,3,1
117;0;6,6,6,6,6,6;1,5,2,3,4,0
132;0;6,6,6,6,6,6;4,5,2,0,1,3
225;0;6,6,6,6,6,6;1,3,5,2,4,0
109;0;6,6,6,6,6,6;2,4,1,3,0,5
246;0;6,6,6,6,6,6;0,2,4,1,5,3
214;0;6,6,6,6,6,6;5,3,2,0,1,4
215;0;6,6,6,6,6,6;1,5,4,0,3,2
97;0;6,6,6,6,6,6;3,0,1,5,2,4
294;0;6,6,6,6,6,6;5,0,2,3,4,1
65;0;6,6,6,6,6,6;0,5,4,1,3,2
78;0;6,6,6,6,6,6;5,1,3,4,0,2
157;0;6,6,6,6,6,6;5,2,3,4,0,1
65;0;6,6,6,6,6,6;1,4,0,2,3,5
169;0;6,6,6,6,6,6;2,1,0,5,3,4
48;0;6,6,6,6,6,6;5,2,0,4,3,1
41;0;6,6,6,6,6,6;0,1,3,2,5,4
54;0;6,6,6,6,6,6;5,4,3,0,1,2
179;0;6,6,6,6,6,6;2,0,4,5,3,1
92;0;6,6,6,6,6,6;1,3,4,0,2,5
133;0;6,6,6,6,6,6;5,1,0,2,3,4
129;0;6,6,6,6,6,6;0,5,3,4,1,2
112;0;6,6,6,6,6,6;5,3,0,2,4,1
257;0;6,6,6,6,6,6;5,0,2,4,1,3
415;0;6,6,6,6,6,6;3,2,5,4,0,1
104;0;6,6,6,6,6,6;3,2,4,1,0,5
162;0;6,6,6,6,6,6;3,1,4,2,5,0
95;0;6,6,6,6,6,6;1,5,3,2,0,4
168;0;6,6,6,6,6,6;4,3,1,5,2,0
371;0;6,6,6,6,6,6;4,1,5,3,0,2
157;0;6,6,6,6,6,6;0,3,5,2,1,4
133;0;6,6,6,6,6,6;4,5,2,3,0,1
134;0;6,6,6,6,6,6;0,5,1,4,3,2
114;0;6,6,6,6,6,6;4,0,3,1,5,2
84;0;6,6,6,6,6,6;5,4,1,3,0,2
124;0;6,6,6,6,6,6;3,1,4,0,5,2
247;0;6,6,6,6,6,6;3,2,5,0,1,4
477;0;6,6,6,6,6,6;1,3,0,5,4,2
83;0;6,6,6,6,6,6;3,4,0,1,2,5
97;0;6,6,6,6,6,6;4,5,1,3,0,2
147;0;6,6,6,6,6,6;4,0,3,5,2,1
100;0;6,6,6,6,6,6;2,0,5,4,1,3
103;0;6,6,6,6,6,6;0,2,5,1,4,3
418;0;6,6,6,6,6,6;4,3,0,1,2,5
196;0;6,6,6,6,6,6;0,5,4,1,3,2
211;0;6,6,6,6,6,6;5,4,3,2,1,0
79;0;6,6,6,6,6,6;2,5,1,3,0,4
216;0;6,6,6,6,6,6;2,0,1,3,5,4
166;0;6,6,6,6,6,6;5,0,1,3,2,4
132;0;6,6,6,6,6,6;2,1,4,3,0,5
165;0;6,6,6,6,6,6;4,3,1,0,2,5
195;0;6,6,6,6,6,6;0,1,3,2,5,4
183;0;6,6,6,6,6,6;3,0,2,1,4,5
122;0;6,6,6,6,6,6;3,1,2,5,0,4
119;0;6,6,6,6,6,6;2,1,5,3,4,0
101;0;6,6,6,6,6,6;0,1,2,4,3,5
179;0;6,6,6,6,6,6;4,1,5,3,0,2
69;0;6,6,6,6,6,6;3,0,2,1,5,4
90;0;6,6,6,6,6,6;5,0,4,2,3,1
70;0;6,6,6,6,6,6;4,2,1,5,3,0
307;0;6,6,6,6,6,6;4,0,5,2,3,1
167;0;6,6,6,6,6,6;5,4,1,2,0,3
83;0;6,6,6,6,6,6;2,1,0,5,3,4
585;0;6,6,6,6,6,6;4,2,5,0,1,3
442;0;6,6,6,6,6,6;2,4,5,1,3,0
124;0;6,6,6,6,6,6;1,4,2,0,3,5
127;0;6,6,6,6,6,6;4,3,1,2,0,5
149;0;6,6,6,6,6,6;0,5,2,1,3,4
81;0;6,6,6,6,6,6;5,1,0,3,2,4
115;0;6,6,6,6,6,6;5,3,2,4,1,0
96;0;6,6,6,6,6,6;2,3,0,1,5,4
96;0;6,6,6,6,6,6;1,4,0,5,3,2
113;0;6,6,6,6,6,6;5,3,4,1,0,2
220;0;6,6,6,6,6,6;0,3,1,4,5,2
246;0;6,6,6,6,6,6;5,0,4,3,2,1
77;0;6,6,6,6,6,6;4,1,5,0,3,2
237;0;6,6,6,6,6,6;0,2,1,5,4,3
144;0;6,6,6,6,6,6;1,0,4,2,5,3
192;0;6,6,6,6,6,6;4,5,0,1,3,2
94;0;6,6,6,6,6,6;2,1,5,3,0,4
193;0;6,6,6,6,6,6;5,3,1,4,0,2
173;0;6,6,6,6,6,6;4,2,0,5,1,3
74;0;6,6,6,6,6,6;5,3,4,0,1,2
489;0;6,6,6,6,6,6;0,2,3,5,4,1
76;0;6,6,6,6,6,6;4,0,3,5,2,1
246;0;6,6,6,6,6,6;4,3,1,5,0,2
167;0;6,6,6,6,6,6;4,2,1,0,5,3
199;0;6,6,6,6,6,6;4,5,2,0,1,3
153;0;6,6,6,6,6,6;3,4,2,5,0,1
67;0;6,6,6,6,6,6;0,1,4,3,2,5
137;0;6,6,6,6,6,6;2,3,5,4,0,1
132;0;6,6,6,6,6,6;3,0,1,4,2,5
66;0;6,6,6,6,6,6;5,0,4,2,3,1
144;0;6,6,6,6,6,6;5,4,0,1,2,3
80;0;6,6,6,6,6,6;0,2,5,3,1,4
148;0;6,6,6,6,6,6;1,5,2,0,4,3
173;0;6,6,6,6,6,6;2,5,3,1,4,0
64;0;6,6,6,6,6,6;4,0,1,2,3,5
106;0;6,6,6,6,6,6;0,2,1,4,3,5
166;0;6,6,6,6,6,6;4,5,0,3,2,1
108;0;6,6,6,6,6,6;4,0,5,1,2,3
71;0;6,6,6,6,6,6;1,0,3,4,2,5
199;0;6,6,6,6,6,6;5,0,4,3,2,1
188;0;6,6,6,6,6,6;0,1,5,3,2,4
114;0;6,6,6,6,6,6;0,1,2,4,3,5
70;0;6,6,6,6,6,6;4,1,3,2,5,0
144;0;6,6,6,6,6,6;4,1,0,5,3,2
286;0;6,6,6,6,6,6;1,2,3,4,0,5
127;0;6,6,6,6,6,6;1,4,5,3,2,0
161;0;6,6,6,6,6,6;1,2,4,0,5,3
59;0;6,6,6,6,6,6;5,1,0,4,2,3
122;0;6,6,6,6,6,6;2,3,0,4,1,5
83;0;6,6,6,6,6,6;4,0,5,3,2,1
143;0;6,6,6,6,6,6;0,2,4,1,3,5
133;0;6,6,6,6,6,6;5,0,3,1,2,4
91;0;6,6,6,6,6,6;1,2,0,3,5,4
83;0;6,6,6,6,6,6;4,1,5,0,2,3
81;0;6,6,6,6,6,6;2,3,5,0,4,1
94;0;6,6,6,6,6,6;5,0,3,2,4,1
140;0;6,6,6,6,6,6;4,1,0,2,5,3
84;0;6,6,6,6,6,6;2,4,3,5,0,1
117;0;6,6,6,6,6,6;5,3,0,4,1,2
586;0;6,6,6,6,6,6;4,5,1,0,2,3
91;0;6,6,6,6,6,6;4,5,3,0,1,2
111;0;6,6,6,6,6,6;1,0,2,5,3,4
229;0;6,6,6,6,6,6;4,2,3,1,0,5
296;0;6,6,6,6,6,6;3,0,1,4,5,2
108;0;6,6,6,6,6,6;0,4,1,2,3,5
93;0;6,6,6,6,6,6;3,4,2,0,5,1
136;0;6,6,6,6,6,6;1,4,5,0,3,2
123;0;6,6,6,6,6,6;0,5,3,4,1,2
121;0;6,6,6,6,6,6;4,1,0,3,5,2
300;0;6,6,6,6,6,6;5,3,1,2,0,4
54;0;6,6,6,6,6,6;3,2,1,4,0,5
172;0;6,6,6,6,6,6;1,4,0,5,2,3
180;0;6,6,6,6,6,6;1,0,3,2,5,4
77;0;6,6,6,6,6,6;0,1,4,5,3,2
91;0;6,6,6,6,6,6;2,4,3,5,0,1
178;0;6,6,6,6,6,6;3,5,4,2,0,1
117;0;6,6,6,6,6,6;1,2,5,4,3,0
104;0;6,6,6,6,6,6;3,0,1,5,2,4
100;0;6,6,6,6,6,6;5,1,2,0,3,4
138;0;6,6,6,6,6,6;5,0,4,3,1,2
113;0;6,6,6,6,6,6;5,0,4,2,1,3
145;0;6,6,6,6,6,6;3,4,2,0,5,1
391;0;6,6,6,6,6,6;0,1,3,4,2,5
93;0;6,6,6,6,6,6;2,4,5,0,3,1
184;0;6,6,6,6,6,6;1,3,2,4,5,0
94;0;6,6,6,6,6,6;3,2,5,0,4,1
146;0;6,6,6,6,6,6;4,0,3,1,2,5
129;0;6,6,6,6,6,6;0,3,1,4,2,5
63;0;6,6,6,6,6,6;1,0,2,3,5,4
244;0;6,6,6,6,6,6;2,5,0,4,3,1
60;0;6,6,6,6,6,6;3,1,0,4,2,5
120;0;6,6,6,6,6,6;1,3,0,4,2,5
96;0;6,6,6,6,6,6;1,0,4,2,3,5
366;0;6,6,6,6,6,6;5,1,0,4,3,2
76;0;6,6,6,6,6,6;5,1,2,4,0,3
71;0;6,6,6,6,6,6;2,1,0,4,3,5
88;0;6,6,6,6,6,6;5,4,0,2,1,3
127;0;6,6,6,6,6,6;4,3,1,0,5,2
77;0;6,6,6,6,6,6;0,2,4,3,1,5
89;0;6,6,6,6,6,6;4,2,1,0,3,5
161;0;6,6,6,6,6,6;1,3,4,2,0,5
133;0;6,6,6,6,6,6;5,0,2,3,4,1
262;0;6,6,6,6,6,6;5,4,2,0,1,3
192;0;6,6,6,6,6,6;0,4,2,5,3,1
161;0;6,6,6,6,6,6;0,3,2,1,4,5
260;0;6,6,6,6,6,6;5,4,0,2,3,1
109;0;6,6,6,6,6,6;2,4,5,3,1,0
68;0;6,6,6,6,6,6;2,4,1,3,0,5
96;0;6,6,6,6,6,6;2,1,4,0,3,5
151;0;6,6,6,6,6,6;3,4,5,2,0,1
240;0;6,6,6,6,6,6;4,5,0,2,1,3
195;0;6,6,6,6,6,6;2,5,4,1,3,0
113;0;6,6,6,6,6,6;1,3,5,2,4,0
224;0;6,6,6,6,6,6;5,2,3,0,4,1
96;0;6,6,6,6,6,6;0,4,2,5,3,1
147;0;6,6,6,6,6,6;0,1,2,4,3,5
386;0;6,6,6,6,6,6;3,5,0,2,1,4
165;0;6,6,6,6,6,6;3,1,0,2,5,4
60;0;6,6,6,6,6,6;1,0,5,3,4,2
113;0;6,6,6,6,6,6;5,2,1,3,4,0
103;0;6,6,6,6,6,6;3,4,5,1,0,2
346;0;6,6,6,6,6,6;0,1,3,2,5,4
96;0;6,6,6,6,6,6;2,4,1,3,5,0
86;0;6,6,6,6,6,6;2,0,5,3,4,1
50;0;6,6,6,6,6,6;4,2,0,3,1,5
80;0;6,6,6,6,6,6;4,3,2,5,0,1
216;0;6,6,6,6,6,6;3,2,1,4,0,5
106;0;6,6,6,6,6,6;3,0,2,4,5,1
99;0;6,6,6,6,6,6;5,2,3,4,1,0
146;0;6,6,6,6,6,6;0,5,1,4,3,2
115;0;6,6,6,6,6,6;5,0,4,2,3,1
150;0;6,6,6,6,6,6;5,3,2,0,1,4
106;0;6,6,6,6,6,6;4,5,1,0,3,2
116;0;6,6,6,6,6,6;0,2,1,3,4,5
92;0;6,6,6,6,6,6;2,0,5,1,3,4
211;0;6,6,6,6,6,6;1,5,2,0,3,4
78;0;6,6,6,6,6,6;5,3,4,2,0,1
203;0;6,6,6,6,6,6;4,2,3,1,5,0
61;0;6,6,6,6,6,6;2,5,1,3,4,0
285;0;6,6,6,6,6,6;5,3,4,2,0,1
142;0;6,6,6,6,6,6;1,3,5,2,4,0
225;0;6,6,6,6,6,6;0,1,4,3,5,2
176;0;6,6,6,6,6,6;4,0,3,2,5,1
133;0;6,6,6,6,6,6;0,5,3,4,1,2
106;0;6,6,6,6,6,6;4,0,2,3,5,1
117;0;6,6,6,6,6,6;1,4,0,2,5,3
116;0;6,6,6,6,6,6;4,2,5,3,0,1
89;0;6,6,6,6,6,6;2,3,1,5,4,0
129;0;6,6,6,6,6,6;2,3,0,5,1,4
107;0;6,6,6,6,6,6;1,3,5,2,4,0
130;0;6,6,6,6,6,6;0,5,1,2,4,3
82;0;6,6,6,6,6,6;5,2,4,3,0,1
267;0;6,6,6,6,6,6;0,5,4,3,1,2
67;0;6,6,6,6,6,6;0,3,1,4,2,5
150;0;6,6,6,6,6,6;4,5,3,0,2,1
523;0;6,6,6,6,6,6;2,5,1,4,3,0
91;0;6,6,6,6,6,6;4,1,0,2,5,3
142;0;6,6,6,6,6,6;0,3,5,1,2,4
71;0;6,6,6,6,6,6;3,4,2,0,5,1
165;0;6,6,6,6,6,6;2,5,4,3,0,1
95;0;6,6,6,6,6,6;2,0,1,3,4,5
175;0;6,6,6,6,6,6;4,2,1,5,0,3
299;0;6,6,6,6,6,6;2,1,0,4,3,5
85;0;6,6,6,6,6,6;4,3,2,1,5,0
277;0;6,6,6,6,6,6;1,0,3,2,5,4
81;0;6,6,6,6,6,6;0,4,5,1,2,3
96;0;6,6,6,6,6,6;3,0,2,4,5,1
183;0;6,6,6,6,6,6;1,4,2,5,3,0
344;0;6,6,6,6,6,6;4,3,0,2,1,5
170;0;6,6,6,6,6,6;1,0,3,5,2,4
82;0;6,6,6,6,6,6;4,5,1,2,0,3
115;0;6,6,6,6,6,6;2,5,1,4,3,0
76;0;6,6,6,6,6,6;5,3,1,4,0,2
211;0;6,6,6,6,6,6;0,4,3,2,1,5
141;0;6,6,6,6,6,6;1,0,5,3,2,4
195;0;6,6,6,6,6,6;5,4,2,1,0,3
281;0;6,6,6,6,6,6;5,4,0,1,3,2
85;0;6,6,6,6,6,6;5,0,3,4,2,1
197;0;6,6,6,6,6,6;4,5,1,2,0,3
76;0;6,6,6,6,6,6;5,0,1,3,4,2
158;0;6,6,6,6,6,6;5,1,0,3,4,2
301;0;6,6,6,6,6,6;3,4,5,0,2,1
78;0;6,6,6,6,6,6;4,2,3,5,0,1
85;0;6,6,6,6,6,6;1,3,5,4,0,2
137;0;6,6,6,6,6,6;0,4,5,1,2,3
106;0;6,6,6,6,6,6;2,1,5,3,0,4
79;0;6,6,6,6,6,6;1,4,2,3,5,0
99;0;6,6,6,6,6,6;5,0,4,3,2,1
224;0;6,6,6,6,6,6;0,1,4,2,5,3
179;0;6,6,6,6,6,6;2,0,3,5,1,4
321;0;6,6,6,6,6,6;4,0,5,2,1,3
199;0;6,6,6,6,6,6;1,4,0,5,3,2
66;0;6,6,6,6,6,6;1,0,3,5,4,2
193;0;6,6,6,6,6,6;2,1,0,3,4,5
103;0;6,6,6,6,6,6;2,4,5,1,3,0
162;0;6,6,6,6,6,6;1,4,3,2,0,5
174;0;6,6,6,6,6,6;4,0,3,2,5,1
131;0;6,6,6,6,6,6;0,5,2,3,4,1
104;0;6,6,6,6,6,6;3,0,5,2,1,4
229;0;6,6,6,6,6,6;4,2,0,3,1,5
65;0;6,6,6,6,6,6;1,2,4,0,5,3
143;0;6,6,6,6,6,6;3,5,4,2,1,0
309;0;6,6,6,6,6,6;4,0,1,3,5,2
95;0;6,6,6,6,6,6;5,0,4,1,3,2
99;0;6,6,6,6,6,6;3,2,0,5,1,4
140;0;6,6,6,6,6,6;3,5,4,1,0,2
189;0;6,6,6,6,6,6;3,2,1,4,5,0
70;0;6,6,6,6,6,6;4,5,1,0,3,2
146;0;6,6,6,6,6,6;4,5,1,0,3,2
107;0;6,6,6,6,6,6;4,1,0,3,5,2
65;0;6,6,6,6,6,6;4,5,2,0,3,1
108;0;6,6,6,6,6,6;3,4,0,2,1,5
92;0;6,6,6,6,6,6;2,1,5,3,4,0
44;0;6,6,6,6,6,6;5,4,0,2,3,1
123;0;6,6,6,6,6,6;0,1,3,2,5,4
131;0;6,6,6,6,6,6;3,1,4,0,5,2
50;0;6,6,6,6,6,6;2,3,1,5,0,4
88;0;6,6,6,6,6,6;1,5,2,3,4,0
90;0;6,6,6,6,6,6;4,3,0,5,1,2
64;0;6,6,6,6,6,6;2,3,1,4,5,0
134;0;6,6,6,6,6,6;3,4,2,0,5,1
220;0;6,6,6,6,6,6;0,1,5,4,2,3
300;0;6,6,6,6,6,6;1,0,2,3,4,5
155;0;6,6,6,6,6,6;0,4,1,2,5,3
70;0;6,6,6,6,6,6;2,1,0,4,5,3
185;0;6,6,6,6,6,6;4,2,0,3,1,5
75;0;6,6,6,6,6,6;2,5,1,0,4,3
118;0;6,6,6,6,6,6;1,2,0,3,4,5
154;0;6,6,6,6,6,6;5,1,0,4,3,2
181;0;6,6,6,6,6,6;1,5,3,4,0,2
171;0;6,6,6,6,6,6;5,0,2,1,4,3
57;0;6,6,6,6,6,6;1,0,5,4,2,3
214;0;6,6,6,6,6,6;0,2,4,1,5,3
79;0;6,6,6,6,6,6;1,0,2,5,3,4
263;0;6,6,6,6,6,6;2,1,4,3,5,0
158;0;6,6,6,6,6,6;4,3,2,1,0,5
146;0;6,6,6,6,6,6;5,3,4,1,2,0
192;0;6,6,6,6,6,6;5,3,0,2,1,4
100;0;6,6,6,6,6,6;1,0,2,5,4,3
202;0;6,6,6,6,6,6;4,3,2,5,0,1
243;0;6,6,6,6,6,6;5,2,4,0,1,3
181;0;6,6,6,6,6,6;0,1,2,3,5,4
123;0;6,6,6,6,6,6;0,1,3,2,5,4
92;0;6,6,6,6,6,6;4,0,3,5,2,1
71;0;6,6,6,6,6,6;4,0,1,5,2,3
145;0;6,6,6,6,6,6;2,1,3,5,4,0
491;0;6,6,6,6,6,6;1,2,5,4,0,3
202;0;6,6,6,6,6,6;0,1,2,5,3,4
105;0;6,6,6,6,6,6;4,0,2,1,3,5
63;0;6,6,6,6,6,6;0,3,1,4,2,5
154;0;6,6,6,6,6,6;2,5,0,4,3,1
333;0;6,6,6,6,6,6;0,5,3,4,1,2
258;0;6,6,6,6,6,6;5,3,4,0,1,2
108;0;6,6,6,6,6,6;0,1,3,5,2,4
84;0;6,6,6,6,6,6;1,4,3,0,2,5
177;0;6,6,6,6,6,6;1,2,3,5,4,0
265;0;6,6,6,6,6,6;1,5,4,3,0,2
199;0;6,6,6,6,6,6;3,1,5,2,4,0
194;0;6,6,6,6,6,6;0,3,1,2,4,5
102;0;6,6,6,6,6,6;1,3,0,4,2,5
76;0;6,6,6,6,6,6;2,4,0,3,1,5
321;0;6,6,6,6,6,6;1,4,3,5,2,0
97;0;6,6,6,6,6,6;1,5,2,3,0,4
150;0;6,6,6,6,6,6;0,3,2,1,4,5
216;0;6,6,6,6,6,6;1,5,3,0,2,4
153;0;6,6,6,6,6,6;0,4,1,2,5,3
308;0;6,6,6,6,6,6;3,0,1,4,5,2
110;0;6,6,6,6,6,6;0,2,5,4,1,3
100;0;6,6,6,6,6,6;0,4,2,5,3,1
402;0;6,6,6,6,6,6;2,4,3,5,0,1
335;0;6,6,6,6,6,6;1,2,4,5,3,0
191;0;6,6,6,6,6,6;0,4,2,3,1,5
225;0;6,6,6,6,6,6;4,3,0,5,2,1
274;0;6,6,6,6,6,6;5,2,1,3,4,0
56;0;6,6,6,6,6,6;3,1,2,5,4,0
156;0;6,6,6,6,6,6;4,5,2,1,0,3
146;0;6,6,6,6,6,6;2,4,5,0,3,1
64;0;6,6,6,6,6,6;5,2,4,0,3,1
137;0;6,6,6,6,6,6;4,2,0,5,3,1
198;0;6,6,6,6,6,6;0,2,1,4,3,5
85;0;6,6,6,6,6,6;1,3,0,4,5,2
277;0;6,6,6,6,6,6;0,3,2,5,4,1
125;0;6,6,6,6,6,6;1,0,5,2,3,4
110;0;6,6,6,6,6,6;2,1,0,5,4,3
57;0;6,6,6,6,6,6;4,2,1,0,5,3
128;0;6,6,6,6,6,6;4,5,0,1,3,2
101;0;6,6,6,6,6,6;1,2,4,0,3,5
94;0;6,6,6,6,6,6;0,4,3,2,1,5
140;0;6,6,6,6,6,6;3,2,0,5,4,1
207;0;6,6,6,6,6,6;4,5,3,2,1,0
130;0;6,6,6,6,6,6;5,3,1,0,2,4
72;0;6,6,6,6,6,6;4,5,3,2,0,1
213;0;6,6,6,6,6,6;1,3,4,2,5,0
116;0;6,6,6,6,6,6;3,0,5,1,4,2
110;0;6,6,6,6,6,6;0,3,5,2,4,1
131;0;6,6,6,6,6,6;0,3,4,5,2,1
198;0;6,6,6,6,6,6;5,0,2,4,1,3
588;0;6,6,6,6,6,6;0,1,2,5,3,4
116;0;6,6,6,6,6,6;3,5,0,2,4,1
93;0;6,6,6,6,6,6;0,3,1,2,5,4
137;0;6,6,6,6,6,6;2,0,3,5,1,4
115;0;6,6,6,6,6,6;0,5,1,3,2,4
72;0;6,6,6,6,6,6;2,4,1,3,5,0
141;0;6,6,6,6,6,6;0,4,1,3,2,5
92;0;6,6,6,6,6,6;2,0,3,4,5,1
105;0;6,6,6,6,6,6;5,4,0,3,2,1
236;0;6,6,6,6,6,6;0,5,3,4,2,1
113;0;6,6,6,6,6,6;5,1,3,0,2,4
65;0;6,6,6,6,6,6;1,5,0,2,4,3
304;0;6,6,6,6,6,6;0,1,4,2,3,5
163;0;6,6,6,6,6,6;1,2,4,5,0,3
87;0;6,6,6,6,6,6;5,0,2,3,4,1
128;0;6,6,6,6,6,6;4,2,3,0,5,1
112;0;6,6,6,6,6,6;1,5,0,3,4,2
234;0;6,6,6,6,6,6;3,5,0,4,2,1
141;0;6,6,6,6,6,6;4,1,2,0,5,3
95;0;6,6,6,6,6,6;2,4,3,5,1,0
126;0;6,6,6,6,6,6;4,3,5,0,2,1
236;0;6,6,6,6,6,6;3,5,1,4,0,2
77;0;6,6,6,6,6,6;5,2,1,0,4,3
274;0;6,6,6,6,6,6;5,0,1,2,4,3
285;0;6,6,6,6,6,6;2,3,1,0,5,4
149;0;6,6,6,6,6,6;3,5,2,4,1,0
223;0;6,6,6,6,6,6;2,0,5,1,4,3
310;0;6,6,6,6,6,6;2,3,5,1,4,0
185;0;6,6,6,6,6,6;0,3,2,4,5,1
147;0;6,6,6,6,6,6;5,1,0,2,3,4
104;0;6,6,6,6,6,6;2,1,0,5,3,4
122;0;6,6,6,6,6,6;0,5,3,1,2,4
271;0;6,6,6,6,6,6;1,3,4,2,0,5
76;0;6,6,6,6,6,6;4,1,2,5,0,3
104;0;6,6,6,6,6,6;2,3,4,5,1,0
117;0;6,6,6,6,6,6;1,3,2,0,4,5
186;0;6,6,6,6,6,6;2,1,3,0,5,4
89;0;6,6,6,6,6,6;1,3,5,4,2,0
79;0;6,6,6,6,6,6;2,1,0,5,4,3
123;0;6,6,6,6,6,6;1,0,4,2,5,3
138;0;6,6,6,6,6,6;1,2,4,3,5,0
242;0;6,6,6,6,6,6;4,3,2,1,5,0
125;0;6,6,6,6,6,6;5,2,0,1,3,4
73;0;6,6,6,6,6,6;3,2,4,1,5,0
215;0;6,6,6,6,6,6;3,2,1,0,4,5
197;0;6,6,6,6,6,6;4,5,3,2,1,0
100;0;6,6,6,6,6,6;1,5,3,2,0,4
80;0;6,6,6,6,6,6;5,1,2,3,4,0
202;0;6,6,6,6,6,6;0,1,2,4,5,3
228;0;6,6,6,6,6,6;1,4,0,2,5,3
106;0;6,6,6,6,6,6;5,0,1,3,2,4
83;0;6,6,6,6,6,6;3,4,0,2,1,5
128;0;6,6,6,6,6,6;3,5,0,2,4,1
150;0;6,6,6,6,6,6;1,3,4,2,5,0
365;0;6,6,6,6,6,6;5,1,0,4,2,3
142;0;6,6,6,6,6,6;4,1,2,3,0,5
166;0;6,6,6,6,6,6;1,5,0,3,4,2
138;0;6,6,6,6,6,6;1,4,3,5,2,0
223;0;6,6,6,6,6,6;4,0,2,5,1,3
154;0;6,6,6,6,6,6;4,0,2,1,3,5
288;0;6,6,6,6,6,6;1,2,3,4,0,5
129;0;6,6,6,6,6,6;1,0,2,3,4,5
120;0;6,6,6,6,6,6;0,1,5,3,4,2
404;0;6,6,6,6,6,6;2,5,1,0,4,3
125;0;6,6,6,6,6,6;2,1,5,3,0,4
107;0;6,6,6,6,6,6;3,4,5,0,2,1
709;0;6,6,6,6,6,6;0,5,1,2,4,3
167;0;6,6,6,6,6,6;3,2,4,5,0,1
129;0;6,6,6,6,6,6;2,3,4,1,5,0
90;0;6,6,6,6,6,6;2,4,5,3,0,1
133;0;6,6,6,6,6,6;0,3,5,1,2,4
136;0;6,6,6,6,6,6;4,5,0,1,3,2
189;0;6,6,6,6,6,6;3,5,1,0,4,2
104;0;6,6,6,6,6,6;1,2,5,4,0,3
59;0;6,6,6,6,6,6;1,4,2,5,3,0
116;0;6,6,6,6,6,6;4,3,2,0,5,1
67;0;6,6,6,6,6,6;1,2,3,0,4,5
181;0;6,6,6,6,6,6;0,4,5,1,3,2
107;0;6,6,6,6,6,6;4,1,5,0,3,2
276;0;6,6,6,6,6,6;0,3,4,1,5,2
140;0;6,6,6,6,6,6;1,5,4,0,3,2
191;0;6,6,6,6,6,6;1,4,5,0,3,2
226;0;6,6,6,6,6,6;3,0,2,5,1,4
257;0;6,6,6,6,6,6;3,2,1,4,5,0
287;0;6,6,6,6,6,6;0,2,1,5,3,4
146;0;6,6,6,6,6,6;4,2,3,1,0,5
360;0;6,6,6,6,6,6;2,5,4,3,0,1
110;0;6,6,6,6,6,6;4,3,5,0,2,1
166;0;6,6,6,6,6,6;5,3,0,4,1,2
149;0;6,6,6,6,6,6;3,4,0,1,2,5
119;0;6,6,6,6,6,6;3,0,4,5,1,2
65;0;6,6,6,6,6,6;3,5,4,0,2,1
117;0;6,6,6,6,6,6;1,5,4,2,0,3
165;0;6,6,6,6,6,6;4,0,3,1,5,2
140;0;6,6,6,6,6,6;5,0,3,2,1,4
440;0;6,6,6,6,6,6;0,5,2,4,1,3
119;0;6,6,6,6,6,6;1,2,5,4,3,0
161;0;6,6,6,6,6,6;4,0,1,2,3,5
211;0;6,6,6,6,6,6;2,5,1,3,4,0
157;0;6,6,6,6,6,6;5,0,2,3,1,4
126;0;6,6,6,6,6,6;4,1,5,3,0,2
321;0;6,6,6,6,6,6;2,0,5,3,4,1
91;0;6,6,6,6,6,6;3,1,0,5,2,4
185;0;6,6,6,6,6,6;2,3,0,1,4,5
87;0;6,6,6,6,6,6;4,1,0,5,2,3
49;0;6,6,6,6,6,6;1,3,0,2,5,4
97;0;6,6,6,6,6,6;1,4,3,2,5,0
168;0;6,6,6,6,6,6;3,1,2,0,5,4
180;0;6,6,6,6,6,6;1,3,4,2,5,0
45;0;6,6,6,6,6,6;3,5,2,0,4,1
113;0;6,6,6,6,6,6;3,5,4,0,1,2
156;0;6,6,6,6,6,6;1,4,2,5,3,0
112;0;6,6,6,6,6,6;1,4,5,2,3,0
155;0;6,6,6,6,6,6;5,1,3,0,2,4
231;0;6,6,6,6,6,6;5,4,2,1,0,3
152;0;6,6,6,6,6,6;2,1,5,3,4,0
183;0;6,6,6,6,6,6;2,3,4,1,0,5
246;0;6,6,6,6,6,6;0,5,1,2,4,3
277;0;6,6,6,6,6,6;3,0,2,4,5,1
106;0;6,6,6,6,6,6;5,0,4,2,1,3
106;0;6,6,6,6,6,6;4,3,5,1,0,2
177;0;6,6,6,6,6,6;0,1,3,4,2,5
288;0;6,6,6,6,6,6;3,4,1,5,2,0
47;0;6,6,6,6,6,6;2,1,4,3,5,0
241;0;6,6,6,6,6,6;4,2,3,1,0,5
433;0;6,6,6,6,6,6;2,5,0,4,3,1
85;0;6,6,6,6,6,6;4,1,0,2,3,5
83;0;6,6,6,6,6,6;5,0,4,2,1,3
108;0;6,6,6,6,6,6;3,5,0,2,4,1
80;0;6,6,6,6,6,6;3,5,1,4,0,2
403;0;6,6,6,6,6,6;4,2,5,3,0,1
135;0;6,6,6,6,6,6;4,5,0,2,1,3
94;0;6,6,6,6,6,6;2,5,0,3,1,4
147;0;6,6,6,6,6,6;5,4,3,2,0,1
80;0;6,6,6,6,6,6;4,5,0,1,3,2
200;0;6,6,6,6,6,6;5,3,4,0,2,1
167;0;6,6,6,6,6,6;4,0,5,3,2,1
146;0;6,6,6,6,6,6;5,2,4,1,0,3
291;0;6,6,6,6,6,6;2,1,0,5,4,3
129;0;6,6,6,6,6,6;5,0,1,3,2,4
262;0;6,6,6,6,6,6;0,1,2,5,3,4
135;0;6,6,6,6,6,6;2,1,5,0,3,4
65;0;6,6,6,6,6,6;3,1,4,2,0,5
97;0;6,6,6,6,6,6;2,1,0,5,3,4
59;0;6,6,6,6,6,6;5,4,1,2,3,0
144;0;6,6,6,6,6,6;3,4,1,5,0,2
74;0;6,6,6,6,6,6;0,1,4,2,3,5
165;0;6,6,6,6,6,6;4,3,0,2,1,5
56;0;6,6,6,6,6,6;2,3,0,5,4,1
135;0;6,6,6,6,6,6;4,3,2,1,0,5
200;0;6,6,6,6,6,6;0,4,2,1,5,3
252;0;6,6,6,6,6,6;0,5,4,3,1,2
201;0;6,6,6,6,6,6;2,5,4,3,0,1
116;0;6,6,6,6,6,6;0,2,4,5,3,1
159;0;6,6,6,6,6,6;0,3,4,1,2,5
229;0;6,6,6,6,6,6;4,5,2,1,0,3
180;0;6,6,6,6,6,6;5,1,2,0,4,3
87;0;6,6,6,6,6,6;1,0,2,5,3,4
52;0;6,6,6,6,6,6;1,5,4,2,0,3
74;0;6,6,6,6,6,6;0,5,2,4,3,1
167;0;6,6,6,6,6,6;5,3,2,4,1,0
146;0;6,6,6,6,6,6;5,3,1,4,0,2
51;0;6,6,6,6,6,6;1,3,4,2,0,5
96;0;6,6,6,6,6,6;3,4,5,0,1,2
122;0;6,6,6,6,6,6;5,1,4,2,3,0
91;0;6,6,6,6,6,6;1,4,3,5,0,2
115;0;6,6,6,6,6,6;2,5,1,0,3,4
170;0;6,6,6,6,6,6;0,4,1,5,2,3
109;0;6,6,6,6,6,6;1,5,0,3,2,4
143;0;6,6,6,6,6,6;3,2,4,0,1,5
131;0;6,6,6,6,6,6;0,1,5,4,3,2
508;0;6,6,6,6,6,6;5,3,2,4,0,1
77;0;6,6,6,6,6,6;4,1,5,3,0,2
170;0;6,6,6,6,6,6;4,2,1,3,5,0
261;0;6,6,6,6,6,6;1,5,3,0,4,2
255;0;6,6,6,6,6,6;2,3,1,4,0,5
126;0;6,6,6,6,6,6;2,0,5,4,3,1
381;0;6,6,6,6,6,6;4,3,5,1,2,0
223;0;6,6,6,6,6,6;1,0,3,4,5,2
80;0;6,6,6,6,6,6;3,4,0,5,2,1
193;0;6,6,6,6,6,6;1,3,5,2,0,4
102;0;6,6,6,6,6,6;3,1,2,4,5,0
218;0;6,6,6,6,6,6;5,0,1,4,2,3
125;0;6,6,6,6,6,6;3,0,5,2,1,4
134;0;6,6,6,6,6,6;0,2,1,4,3,5
77;0;6,6,6,6,6,6;5,0,1,2,3,4
297;0;6,6,6,6,6,6;5,2,0,4,1,3
96;0;6,6,6,6,6,6;5,2,0,1,3,4
96;0;6,6,6,6,6,6;4,0,3,2,5,1
261;0;6,6,6,6,6,6;2,3,4,1,0,5
105;0;6,6,6,6,6,6;5,3,0,2,1,4
48;0;6,6,6,6,6,6;4,2,0,3,5,1
191;0;6,6,6,6,6,6;3,0,2,5,1,4
428;0;6,6,6,6,6,6;1,3,0,5,4,2
185;0;6,6,6,6,6,6;3,4,0,2,5,1
236;0;6,6,6,6,6,6;3,0,5,4,2,1
117;0;6,6,6,6,6,6;5,2,1,4,0,3
202;0;6,6,6,6,6,6;1,3,5,2,4,0
279;0;6,6,6,6,6,6;4,0,3,1,5,2
68;0;6,6,6,6,6,6;2,1,3,0,4,5
211;0;6,6,6,6,6,6;3,5,4,1,2,0
355;0;6,6,6,6,6,6;1,4,3,0,2,5
106;0;6,6,6,6,6,6;1,4,0,3,5,2
58;0;6,6,6,6,6,6;2,5,3,0,1,4
53;0;6,6,6,6,6,6;4,1,5,3,0,2
94;0;6,6,6,6,6,6;4,0,5,3,2,1
198;0;6,6,6,6,6,6;3,4,5,0,2,1
78;0;6,6,6,6,6,6;2,1,5,0,3,4
221;0;6,6,6,6,6,6;1,3,4,2,0,5
95;0;6,6,6,6,6,6;5,2,0,4,3,1
90;0;6,6,6,6,6,6;4,0,5,1,2,3
210;0;6,6,6,6,6,6;0,2,5,4,3,1
81;0;6,6,6,6,6,6;1,0,4,2,3,5
274;0;6,6,6,6,6,6;4,5,3,0,2,1
113;0;6,6,6,6,6,6;4,5,2,1,3,0
161;0;6,6,6,6,6,6;2,0,5,4,3,1
93;0;6,6,6,6,6,6;1,2,0,5,4,3
65;0;6,6,6,6,6,6;1,0,5,3,4,2
161;0;6,6,6,6,6,6;4,1,3,2,5,0
207;0;6,6,6,6,6,6;0,4,1,2,5,3
103;0;6,6,6,6,6,6;1,5,3,0,4,2
63;0;6,6,6,6,6,6;2,3,1,5,0,4
235;0;6,6,6,6,6,6;1,4,5,2,3,0
130;0;6,6,6,6,6,6;4,1,0,2,5,3
43;0;6,6,6,6,6,6;5,2,1,4,3,0
50;0;6,6,6,6,6,6;5,1,3,0,4,2
166;0;6,6,6,6,6,6;5,3,1,2,4,0
156;0;6,6,6,6,6,6;2,5,4,0,3,1
97;0;6,6,6,6,6,6;5,4,2,0,1,3
224;0;6,6,6,6,6,6;2,0,4,5,3,1
202;0;6,6,6,6,6,6;5,0,4,2,1,3
99;0;6,6,6,6,6,6;0,3,5,4,1,2
103;0;6,6,6,6,6,6;0,4,5,3,2,1
182;0;6,6,6,6,6,6;0,4,1,3,2,5
134;0;6,6,6,6,6,6;5,3,2,1,4,0
75;0;6,6,6,6,6,6;2,0,3,4,1,5
415;0;6,6,6,6,6,6;4,5,2,0,1,3
113;0;6,6,6,6,6,6;0,2,3,5,1,4
92;0;6,6,6,6,6,6;3,5,2,1,0,4
286;0;6,6,6,6,6,6;3,5,4,1,0,2
69;0;6,6,6,6,6,6;5,4,3,2,1,0
87;0;6,6,6,6,6,6;1,3,0,2,4,5
144;0;6,6,6,6,6,6;0,4,2,3,5,1
285;0;6,6,6,6,6,6;0,2,1,5,4,3
103;0;6,6,6,6,6,6;2,5,0,1,4,3
96;0;6,6,6,6,6,6;4,3,1,5,0,2
149;0;6,6,6,6,6,6;1,5,4,3,0,2
208;0;6,6,6,6,6,6;0,5,3,1,2,4
159;0;6,6,6,6,6,6;3,0,5,1,2,4
263;0;6,6,6,6,6,6;4,1,3,5,2,0
107;0;6,6,6,6,6,6;4,5,1,3,2,0
102;0;6,6,6,6,6,6;1,5,2,3,4,0
171;0;6,6,6,6,6,6;4,3,0,1,2,5
109;0;6,6,6,6,6,6;4,2,1,5,3,0
134;0;6,6,6,6,6,6;1,5,2,3,4,0
174;0;6,6,6,6,6,6;3,4,1,5,0,2
90;0;6,6,6,6,6,6;1,5,4,2,0,3
259;0;6,6,6,6,6,6;5,3,1,4,2,0
329;0;6,6,6,6,6,6;2,0,3,5,1,4
128;0;6,6,6,6,6,6;1,5,3,2,0,4
96;0;6,6,6,6,6,6;2,1,3,5,0,4
216;0;6,6,6,6,6,6;4,3,1,5,0,2
53;0;6,6,6,6,6,6;5,0,1,2,4,3
75;0;6,6,6,6,6,6;0,1,4,2,5,3
402;0;6,6,6,6,6,6;0,4,1,2,3,5
128;0;6,6,6,6,6,6;5,0,2,1,4,3
272;0;6,6,6,6,6,6;5,2,1,0,3,4
316;0;6,6,6,6,6,6;5,4,3,1,0,2
107;0;6,6,6,6,6,6;5,3,2,4,0,1
101;0;6,6,6,6,6,6;0,1,4,2,5,3
90;0;6,6,6,6,6,6;4,2,0,1,5,3
300;0;6,6,6,6,6,6;1,0,5,3,2,4
98;0;6,6,6,6,6,6;4,1,5,0,2,3
109;0;6,6,6,6,6,6;4,2,3,5,0,1
71;0;6,6,6,6,6,6;0,4,2,1,5,3
72;0;6,6,6,6,6,6;2,4,1,0,5,3
82;0;6,6,6,6,6,6;3,5,0,4,1,2
107;0;6,6,6,6,6,6;4,0,2,5,1,3
99;0;6,6,6,6,6,6;5,2,3,0,4,1
77;0;6,6,6,6,6,6;0,2,1,4,5,3
171;0;6,6,6,6,6,6;0,1,4,5,2,3
128;0;6,6,6,6,6,6;3,5,0,4,2,1
119;0;6,6,6,6,6,6;0,1,4,3,5,2
85;0;6,6,6,6,6,6;0,3,4,2,1,5
241;0;6,6,6,6,6,6;1,3,5,4,2,0
444;0;6,6,6,6,6,6;2,5,4,0,1,3
106;0;6,6,6,6,6,6;1,5,3,2,4,0
211;0;6,6,6,6,6,6;2,3,5,4,1,0
159;0;6,6,6,6,6,6;0,1,2,5,3,4
65;0;6,6,6,6,6,6;3,4,5,0,1,2
58;0;6,6,6,6,6,6;3,0,5,2,1,4
253;0;6,6,6,6,6,6;4,0,2,1,5,3
158;0;6,6,6,6,6,6;5,1,4,3,2,0
99;0;6,6,6,6,6,6;4,3,0,5,2,1
190;0;6,6,6,6,6,6;4,1,2,3,5,0
154;0;6,6,6,6,6,6;4,2,1,0,5,3
58;0;6,6,6,6,6,6;4,1,5,0,2,3
202;0;6,6,6,6,6,6;4,3,2,0,5,1
139;0;6,6,6,6,6,6;3,0,5,1,2,4
100;0;6,6,6,6,6,6;2,5,3,4,0,1
605;0;6,6,6,6,6,6;4,0,2,1,5,3
199;0;6,6,6,6,6,6;2,5,4,1,3,0
145;0;6,6,6,6,6,6;4,5,0,2,1,3
161;0;6,6,6,6,6,6;3,2,5,0,4,1
80;0;6,6,6,6,6,6;0,4,2,5,1,3
63;0;6,6,6,6,6,6;4,0,2,5,3,1
149;0;6,6,6,6,6,6;2,1,3,0,5,4
182;0;6,6,6,6,6,6;2,4,1,3,5,0
168;0;6,6,6,6,6,6;3,5,2,0,1,4
37;0;6,6,6,6,6,6;3,0,1,2,4,5
257;0;6,6,6,6,6,6;1,2,0,5,3,4
324;0;6,6,6,6,6,6;2,5,0,1,3,4
74;0;6,6,6,6,6,6;2,3,1,0,4,5
312;0;6,6,6,6,6,6;5,3,2,1,4,0
88;0;6,6,6,6,6,6;5,4,0,2,3,1
61;0;6,6,6,6,6,6;4,0,5,2,1,3
200;0;6,6,6,6,6,6;5,4,3,0,2,1
105;0;6,6,6,6,6,6;0,4,1,3,5,2
361;0;6,6,6,6,6,6;4,2,3,1,0,5
103;0;6,6,6,6,6,6;1,5,4,0,3,2
64;0;6,6,6,6,6,6;4,5,1,0,2,3
146;0;6,6,6,6,6,6;5,4,1,0,2,3
197;0;6,6,6,6,6,6;5,2,3,4,0,1
76;0;6,6,6,6,6,6;0,5,1,4,3,2
231;0;6,6,6,6,6,6;0,5,2,1,4,3
130;0;6,6,6,6,6,6;0,1,2,4,5,3
89;0;6,6,6,6,6,6;3,4,1,0,2,5
61;0;6,6,6,6,6,6;4,5,3,0,1,2
175;0;6,6,6,6,6,6;3,4,5,1,0,2
90;0;6,6,6,6,6,6;0,1,5,3,2,4
113;0;6,6,6,6,6,6;5,0,4,1,2,3
62;0;6,6,6,6,6,6;1,0,2,4,3,5
43;0;6,6,6,6,6,6;1,2,3,5,4,0
377;0;6,6,6,6,6,6;0,5,1,4,3,2
32;0;6,6,6,6,6,6;2,5,0,3,1,4
119;0;6,6,6,6,6,6;5,0,4,1,2,3
134;0;6,6,6,6,6,6;2,4,3,1,0,5
379;0;6,6,6,6,6,6;0,4,1,5,3,2
66;0;6,6,6,6,6,6;5,3,4,0,1,2
96;0;6,6,6,6,6,6;4,1,3,2,5,0
125;0;6,6,6,6,6,6;2,5,1,4,3,0
55;0;6,6,6,6,6,6;2,5,1,3,0,4
209;0;6,6,6,6,6,6;1,4,5,2,0,3
69;0;6,6,6,6,6,6;0,4,2,1,5,3
224;0;6,6,6,6,6,6;1,4,5,0,3,2
228;0;6,6,6,6,6,6;0,3,4,5,2,1
112;0;6,6,6,6,6,6;2,4,1,5,3,0
176;0;6,6,6,6,6,6;3,5,1,4,2,0
149;0;6,6,6,6,6,6;4,3,1,5,2,0
145;0;6,6,6,6,6,6;0,2,3,5,1,4
110;0;6,6,6,6,6,6;5,1,3,4,0,2
62;0;6,6,6,6,6,6;4,0,2,1,5,3
226;0;6,6,6,6,6,6;0,2,1,5,3,4
107;0;6,6,6,6,6,6;1,2,0,4,3,5
203;0;6,6,6,6,6,6;2,3,0,5,1,4
478;0;6,6,6,6,6,6;1,0,4,3,5,2
198;0;6,6,6,6,6,6;2,1,4,3,0,5
134;0;6,6,6,6,6,6;0,5,1,2,3,4
290;0;6,6,6,6,6,6;4,3,5,0,2,1
199;0;6,6,6,6,6,6;4,3,2,5,1,0
169;0;6,6,6,6,6,6;1,4,5,0,2,3
85;0;6,6,6,6,6,6;4,3,2,0,5,1
170;0;6,6,6,6,6,6;3,2,5,1,0,4
131;0;6,6,6,6,6,6;2,5,4,1,0,3
142;0;6,6,6,6,6,6;3,5,2,0,4,1
86;0;6,6,6,6,6,6;3,0,5,1,4,2
166;0;6,6,6,6,6,6;4,5,2,3,1,0
148;0;6,6,6,6,6,6;0,2,3,5,1,4
257;0;6,6,6,6,6,6;5,2,3,1,4,0
130;0;6,6,6,6,6,6;0,3,1,5,4,2
400;0;6,6,6,6,6,6;3,0,2,4,5,1
230;0;6,6,6,6,6,6;5,2,0,1,4,3
127;0;6,6,6,6,6,6;1,2,3,5,4,0
93;0;6,6,6,6,6,6;2,5,4,1,0,3
102;0;6,6,6,6,6,6;3,0,1,4,2,5
158;0;6,6,6,6,6,6;3,4,1,5,0,2
183;0;6,6,6,6,6,6;4,2,1,0,5,3
210;0;6,6,6,6,6,6;2,3,5,1,4,0
75;0;6,6,6,6,6,6;2,1,4,5,0,3
111;0;6,6,6,6,6,6;0,5,4,1,2,3
98;0;6,6,6,6,6,6;2,3,4,5,1,0
75;0;6,6,6,6,6,6;4,5,1,0,2,3
51;0;6,6,6,6,6,6;4,0,3,2,1,5
74;0;6,6,6,6,6,6;2,5,4,3,1,0
130;0;6,6,6,6,6,6;5,2,4,3,0,1
143;0;6,6,6,6,6,6;5,1,2,0,4,3
247;0;6,6,6,6,6,6;3,4,1,2,5,0
73;0;6,6,6,6,6,6;1,3,0,2,4,5
328;0;6,6,6,6,6,6;1,5,3,0,2,4
182;0;6,6,6,6,6,6;3,2,1,0,5,4
103;0;6,6,6,6,6,6;3,1,4,0,2,5
253;0;6,6,6,6,6,6;2,3,1,0,4,5
90;0;6,6,6,6,6,6;4,5,0,1,3,2
70;0;6,6,6,6,6,6;5,2,4,1,0,3
120;0;6,6,6,6,6,6;5,0,4,1,3,2
754;0;6,6,6,6,6,6;2,1,3,5,4,0
193;0;6,6,6,6,6,6;5,2,4,3,0,1
87;0;6,6,6,6,6,6;2,5,0,1,3,4
227;0;6,6,6,6,6,6;0,4,3,5,1,2
144;0;6,6,6,6,6,6;2,3,4,0,5,1
90;0;6,6,6,6,6,6;5,3,0,2,1,4
268;0;6,6,6,6,6,6;0,4,5,3,1,2
423;0;6,6,6,6,6,6;2,4,3,1,0,5
71;0;6,6,6,6,6,6;1,5,2,4,3,0
98;0;6,6,6,6,6,6;4,5,2,3,1,0
139;0;6,6,6,6,6,6;5,1,2,4,0,3
70;0;6,6,6,6,6,6;5,2,1,0,3,4
89;0;6,6,6,6,6,6;0,3,4,2,1,5
175;0;6,6,6,6,6,6;1,5,0,4,2,3
63;0;6,6,6,6,6,6;0,3,2,5,1,4
131;0;6,6,6,6,6,6;4,2,1,0,5,3
58;0;6,6,6,6,6,6;0,4,1,2,3,5
78;0;6,6,6,6,6,6;1,3,0,2,5,4
143;0;6,6,6,6,6,6;0,1,4,5,2,3
151;0;6,6,6,6,6,6;1,2,3,5,4,0
41;0;6,6,6,6,6,6;4,3,1,5,0,2
299;0;6,6,6,6,6,6;5,0,3,1,2,4
172;0;6,6,6,6,6,6;4,3,1,0,2,5
119;0;6,6,6,6,6,6;1,4,2,0,3,5
114;0;6,6,6,6,6,6;0,5,4,1,3,2
143;0;6,6,6,6,6,6;3,4,5,0,2,1
95;0;6,6,6,6,6,6;4,5,0,1,3,2
81;0;6,6,6,6,6,6;1,0,3,5,2,4
98;0;6,6,6,6,6,6;4,5,0,2,3,1
218;0;6,6,6,6,6,6;3,5,4,2,0,1
118;0;6,6,6,6,6,6;0,4,1,2,3,5
97;0;6,6,6,6,6,6;5,1,4,2,0,3
83;0;6,6,6,6,6,6;2,5,4,0,3,1
367;0;6,6,6,6,6,6;2,0,4,3,5,1
180;0;6,6,6,6,6,6;0,2,1,5,3,4
246;0;6,6,6,6,6,6;3,4,5,0,2,1
181;0;6,6,6,6,6,6;4,0,3,2,1,5
124;0;6,6,6,6,6,6;5,2,0,1,3,4
54;0;6,6,6,6,6,6;5,3,2,1,4,0
77;0;6,6,6,6,6,6;0,5,3,4,2,1
304;0;6,6,6,6,6,6;4,5,1,0,2,3
211;0;6,6,6,6,6,6;0,5,3,1,4,2
575;0;6,6,6,6,6,6;2,3,5,4,0,1
166;0;6,6,6,6,6,6;5,0,4,2,1,3
110;0;6,6,6,6,6,6;2,5,1,4,0,3
133;0;6,6,6,6,6,6;3,0,1,2,4,5
73;0;6,6,6,6,6,6;3,2,5,4,0,1
219;0;6,6,6,6,6,6;5,0,3,2,1,4
99;0;6,6,6,6,6,6;0,2,5,1,3,4
117;0;6,6,6,6,6,6;1,0,3,2,4,5
94;0;6,6,6,6,6,6;0,4,2,3,5,1
163;0;6,6,6,6,6,6;3,4,2,5,1,0
185;0;6,6,6,6,6,6;2,4,0,1,3,5
152;0;6,6,6,6,6,6;0,1,2,4,3,5
75;0;6,6,6,6,6,6;4,3,2,5,1,0
342;0;6,6,6,6,6,6;4,2,1,3,5,0
239;0;6,6,6,6,6,6;5,1,3,2,4,0
93;0;6,6,6,6,6,6;3,2,1,4,5,0
306;0;6,6,6,6,6,6;2,3,1,0,5,4
181;0;6,6,6,6,6,6;1,0,5,3,4,2
74;0;6,6,6,6,6,6;1,0,4,3,5,2
275;0;6,6,6,6,6,6;4,5,2,0,3,1
108;0;6,6,6,6,6,6;0,5,4,1,3,2
77;0;6,6,6,6,6,6;0,2,5,3,1,4
79;0;6,6,6,6,6,6;2,1,5,3,0,4
70;0;6,6,6,6,6,6;0,2,4,3,5,1
154;0;6,6,6,6,6,6;3,4,0,2,5,1
741;0;6,6,6,6,6,6;1,4,5,0,3,2
135;0;6,6,6,6,6,6;2,3,0,4,1,5
161;0;6,6,6,6,6,6;1,3,2,4,0,5
79;0;6,6,6,6,6,6;4,2,0,5,1,3
85;0;6,6,6,6,6,6;4,5,0,3,1,2
111;0;6,6,6,6,6,6;5,4,0,3,2,1
166;0;6,6,6,6,6,6;1,5,3,0,4,2
91;0;6,6,6,6,6,6;1,0,3,4,2,5
186;0;6,6,6,6,6,6;0,2,3,1,5,4
173;0;6,6,6,6,6,6;0,1,2,5,3,4
